32
32
-0.851116077596537
-0.104701693378909
0.76661194063692
-0.0979134672182972
0.515055551860199
-0.852540135510649
0.537391112013858
-0.293789041383275
-0.0602652979555487
0.258473022270236
0.0143226553525244
-0.461201463308962
0.113129268056949
-0.56844089407224
0.142421062932287
5.07061278535941
4.63725748296323
4.30314169675734
4.98551951070574
4.29303207241993
4.87414212942747
5.6435472928145
6.69727272993253
4.35193743830654
5.01912311436486
5.56994667738781
4.10566063306944
4.20558466822927
4.24121764608054
4.62602968544118
4.77907736755623
4.70730251377014
6.18363368727603
5.02272112426543
5.26731420660855
4.6677906937254
4.34974285750831
4.97513971456491
4.8882867222634
5.29995318049086
-4.39443618049454
-4.44358623550417
-4.45711067131215
-5.50313137093459
-5.08670990176499
-4.06329876680418
-5.24682120942566
-4.20087964287173
-5.64489729926321
-4.93433444289515
-5.52491252734571
-4.79840005913471
-5.31461756837569
-6.11138664257551
-5.16961757476236
-5.67300594837504
-5.9098158284155
-5.90989383461486
-5.27740018449652
-4.58383256078759
-4.63698017337528
-5.11506411960619
-4.49429532737588
-4.51871650925901
-5.20101961501731
-4.99189529472484
-5.50400151545772
-4.48339694944074
-5.41348343311765
-5.31610662057974
-4.0577618873903
-5.40071342970261
-5.53653755594663
-5.99720885861413
-4.83551509174572
-5.83387498095349
-4.5255450401002
-4.45332206306763
-5.13236183015233
-5.12294142198037
-4.31540481748151
-5.47822549780021
-4.57317661169535
-4.21347730719032
-5.19795692120563
-5.38973458823154
-5.30570871718262
-5.17268663049484
-5.53684860480004
-4.47634218711601
5.19094245046982
5.27326848633711
5.15106709475134
4.51150918320651
4.47930617724741
4.45526644803699
5.18770723024451
4.43276897492263
5.24639996356006
4.70730781072135
5.49951929348074
5.01519247976839
5.64489172038561
5.04345881212635
3.99694614895476
4.47272478697306
5.93250171511303
5.16301739074653
4.23632953317946
4.50856789694136
5.03236207059288
4.82888737325774
4.31859445123584
4.37648414709717
5.60219616798179
-0.498198994130132
0.0237837691639052
-0.323931518901641
0.0934884001806324
0.683772253166042
0.105494662276255
-0.0492104003611177
-0.475236050084193
-0.664862738037521
0.228399135034916
0.0901923714151414
0.565994557163887
-1.14229841877166
-0.394358829075847
-0.0590000543544413
5.70450307783777
4.78784328133723
4.35275487515243
4.31416865996773
5.20713968584984
5.49557376745085
5.33609693009122
4.88728245567492
5.39912968835833
4.76142897064902
4.26363384465724
5.60610323254924
5.12412631608439
5.32012192655143
5.0089153660569
5.43347942690113
5.18799053163914
4.60302324999943
5.14062007465927
5.15540714073435
5.12469889543223
5.51853744365422
6.21806983171702
6.26316598048317
5.52785436554738
5.96037811129814
3.99743992022406
5.14151466001782
4.13073586131291
4.76913050885908
4.20354321877285
3.49127541539913
5.57479981548682
3.81465970808204
4.91925772967052
4.55233582981055
5.62208752534493
4.61560902972738
5.01526516557772
4.84869186156993
5.15895576678349
4.87429801848666
5.72234616583897
4.84143701482374
4.30981827057888
4.14325215760708
4.86192713203153
5.17361451580447
4.68347176202941
5.14205952606974
-4.92917040905408
-5.08642308575279
-4.23731167140533
-5.26530432479497
-5.1659763402585
-5.25438794448319
-5.15936100216441
-3.94858177185869
-4.42712740054979
-5.10076073095165
-4.97420272615346
-5.06281541596765
-4.34624411724534
-4.71538995198889
-4.09913094272956
-5.35651669660565
-5.37116962366311
-4.92203499934164
-5.11226288043873
-5.20660591926956
-4.99176167775066
-4.25544836473795
-4.17455127526755
-3.93376281543019
-4.68948267109726
-5.32034343156488
-5.25130246926635
-4.33025293874797
-4.42672306247675
-4.54710722891091
-4.84965207759825
-4.47204702284905
-4.69668207303625
-5.09466430335516
-4.46070276819805
-5.67119664876421
-4.38102099357337
-5.29631003967304
-5.17649854465196
-5.38352957309752
-4.22209310458365
-5.93436437110936
-4.47560069392902
-4.62681068118588
-4.91369603369359
-5.18609651625998
-4.67217640640045
-4.31293927483497
-4.50124467264973
-4.76093780376128
0.315570128554443
-0.285266859823973
0.135248906264315
0.16068087280201
2.23839638888886
-0.95165145204855
0.513026521794863
-0.464625073887219
-0.0745150388422633
-0.0033916420347861
-0.98882555436519
0.198460307428498
-0.447115989404161
-0.30981530008915
-0.376682164346806
-0.000886924111498314
0.183997343768107
-0.393555362033951
0.175262414613678
0.478425342677101
-0.0430739539620272
0.63184182520911
-1.25166262947582
1.09486930590058
-0.371094020142927
0.419827127872664
0.0428418402044111
0.041415950154227
0.163739690789074
0.103138617334698
1.71902442128045
1.20242945469546
3.85562430833213
3.32351360703888
5.61237666413289
4.71758650368079
-0.565292685008332
-0.816022239073452
8.92460086851808
12.3031232662571
5.76158808813106
6.65289781024269
3.40303838840054
3.44858126232605
3.17927371190354
1.48990902728808
0.27207510489644
0.916264162174213
2.93047439042543
2.33144659149818
6.70658260587495
4.01433912726147
-0.195837711215565
-0.0194101958820853
-3.93136990434837
-4.04823332860876
5.58592856418362
6.088677264849
-4.04957958930075
-3.78373657637575
7.83987008173958
7.82338748073555
5.32806504807501
6.31563338511528
0.0547714851946391
0.268255016416481
2.62259172733221
1.96686539975929
-0.0691782611656972
-0.367388283395771
0.928805755400005
0.0716026209060383
0.106593577602961
-0.358407933176471
0.0806972782061768
2.65037310738832
0.135337245815024
0.0590408079389821
0.23911461842672
0.079989213768151
1.0422577817286
1.13601434052698
0.889850858012432
2.41625725649874
1.0721187755437
0.0436879932722642
-0.0216525786738364
-0.145717414146333
0.816322768393549
1.48788981482107
0.0160156746634716
-0.771872347422599
1.41159861892809
-0.517266819033988
1.87538786870918
1.48146076135953
0.0505834909862995
0.671449184904721
-0.288914782276141
-0.144664082024746
-0.393782311294768
-1.32912189665827
-1.5504251544525
0.395238173383669
-0.454299789371489
0.129847529372805
3.45959521118743
-0.885314416639905
1.39253256466068
0.369051819399667
0.142178971179412
-0.463678351181079
-0.544452053256949
-0.819627870610075
-0.298775126297553
2.09887585216721
1.23473551471483
1.11236673253105
0.0624921797315655
0.998295966720827
-0.0973996449068624
-2.02905680783928
0.0566287740230035
-0.122797607937294
-0.0444740715329096
0.292305885764993
-0.292888837305016
0.157323423576684
1.91838958894913
0.284615837017542
1.19829311497876
0.0538686243344904
-0.938354582085134
-2.81927891815048
-2.4090652710276
-1.91947344273509
0.48304774421313
1.0437889893158
0.992641082671082
-1.73669703269719
-0.373543918518509
0.496469925774932
0.720099461208989
0.697809397214088
-0.19464726768784
0.363146806146183
0.110593598619734
-1.43510020663463
0.240653987110025
0.222575609174134
1.97929785251547
0.204223103383096
-0.177067560215323
1.17826149694745
-1.24610144665753
-1.74243314853618
-0.68461100371726
-1.01064270059196
0.424185881337995
-0.557910478958546
1.15499071963901
0.888169265086661
0.856405430713031
0.202855171971558
0.0853193547088655
-2.01686417112902
-1.58362481780064
-1.47483535032205
-0.250303267779674
0.514182757816677
-0.0295637254654417
-2.09870972878574
-0.271068967504713
0.504762127432437
-0.245154550604576
0.559712899739925
-0.257954594583307
0.539137579779273
-0.0645548019632059
-0.872142065684275
-0.346456637756683
0.954667852870346
1.62283305137167
-0.391438669926562
-0.634258959193087
1.85017204415585
-1.45409961721169
-0.0426971016422432
0.281582375020625
-0.551980690419673
0.68791218817345
-1.00882071185001
0.0866814907959022
-0.0463579111658139
0.301133255855066
1.05681876148484
-0.217677280725697
0.0182044943056859
0.755097472833718
-0.967278305724847
0.140494507012445
-0.551539069933513
-1.75461885765711
1.80112560182027
-0.62646284302864
-0.0131654692725399
0.0962227293274109
0.108908316243184
-0.00436798239159669
0.459192083307599
1.2616347805013
-1.25319981593658
-0.686127294777968
-0.681899050827413
0.0958421667182012
-0.702005582494354
1.20498999765296
0.678963117031942
0.169217440069903
-0.25885338815615
0.0476573662779822
0.482236552288443
-0.456544868782899
-0.323781755580572
2.61328567160959
0.500446518642249
2.19734883013128
0.967607103848755
-1.3871378593743
-3.41149611375713
-2.30694233446551
-1.02132932789927
0.780071568888513
0.748536962576526
0.900907107326058
-1.54429428789367
-1.52171017981253
0.838031507120326
-0.850105846114988
0.481230017386795
-0.597758371634435
0.479165014759394
-0.559821314382855
-1.35412159613074
-0.0113028509173118
-0.120429615953651
2.07583105266763
-0.599234760103146
-0.493885506781786
1.82174697705603
-1.08756648543
-1.91975722502145
-0.237175282500286
-2.05840366490553
1.40719556013025
-2.17677208111353
-0.0113010753895201
1.24976672479356
-0.855140538833751
-0.623155809724737
-0.429693223284932
-0.874385438167687
-1.09521850083826
0.264659111973159
-0.874747297540148
2.03373749952801
2.47919543929322
-0.837277759793972
0.250941239616137
-0.229062968339023
0.823108159189096
-0.122942056477979
-0.448810830066093
-0.231238067841364
-0.222183054085278
1.08478512083416
1.23703158079725
0.904803989848922
0.0351789412015607
1.36833526153797
-0.418563871046432
-0.016279509536419
0.285797017166949
0.444696469024464
-0.370962411157803
-0.139860620298148
-0.992382230826666
0.549133494864095
0.899844911204898
0.436220806242909
0.230210908706554
0.0646096215031908
-0.484961651166572
-1.32497141377458
-0.947303301180111
-0.808240838228974
-0.477173488944635
0.28382773876645
-0.166555006344181
-0.896407987130477
-0.725930199764161
-0.42486338960762
0.339127176464626
1.09462252492394
0.754426574398133
0.663774073758426
0.1656592360005
-1.88182071017412
0.535883531849485
0.644706973497888
1.60454953668976
-0.524388991766313
0.206260934840939
0.907523417806599
0.127249290048242
-0.635271300406779
-0.14659185974732
-0.989854954974676
0.429220539161057
-1.00940573547362
2.89466810082029
2.13239852829477
4.84910454710594
1.74095238900276
-0.908496227258964
-3.85736382231702
-1.22070368008341
-1.62361228780054
1.12145273633322
-0.350739929555182
0.913158458011387
-0.411713971364279
-0.137247729902161
0.829619251558535
0.913978004221851
-0.216459184810802
-0.330401877693698
1.30465151823692
0.498201569301834
-1.38649658994269
0.822349501540166
1.21118612530795
2.35763077365086
-0.125643956263527
-0.249697322384526
1.73755320103268
-0.857004483506807
-1.04355877315048
0.138666118995721
-1.20198882804777
0.761001658277676
-2.03964006681754
-0.308924676549256
0.186555728387142
0.587543615426531
1.23954778864384
0.0660238084817346
0.0961976343727825
0.581995912662299
-0.0979067265691935
0.606991736917109
-2.04222340508997
-2.16761817279182
0.720812193304392
-0.958611924526092
0.641065054882983
-0.631539439921499
-0.353693853227316
1.91269456241791
1.10949396455779
1.05945648876362
-2.21768603554781
-0.682938142249017
-2.05090644631675
0.856760336301263
-1.82493357965695
0.502251459052217
0.162067302353847
-0.0287321408537408
-0.224816836976375
1.0240934189005
1.55100312973932
-0.128334790910594
-0.423200028568726
-2.22604963552139
-1.06725217756089
-1.72859256147319
0.170164726693344
0.395209459660146
3.32703958695549
3.18402791138736
2.4890884356714
-0.081066108046624
-1.21442299781242
-1.97783493569515
3.86832399905495
0.480476289249378
0.298117743556491
-0.382040457591591
-0.60811001703645
0.711090605130027
-0.540580385056625
1.84812152371134
-0.0517855117621758
-1.49910235956218
-1.64336979895356
-1.87809728136215
-0.225924344011204
0.663996337084212
-1.59597786572245
1.19419385522105
1.82901045994614
0.561631759669241
1.92187342788594
-0.748809451404718
1.90573756934244
1.14668094543696
-0.0721723420359192
0.700974514507419
2.15081645874355
0.0639547472824846
-1.44999724751819
-0.296204146992181
-0.426828080373887
1.15199541849128
-0.626089830911641
-0.620051584622234
-1.03151801020455
-1.87793349204168
-0.279279505266834
-1.44794637532036
-0.246138160800883
-0.559888071979639
1.1082745759247
0.346998845631748
-2.08343450710656
-0.0814824812183804
-0.555609183428848
0.763044168870815
-1.31941205341596
0.160615281022385
1.19948855483255
0.435556089920667
-0.359899989803386
-0.498382578103963
-1.40109090317019
0.0315891073759929
-0.900934126522487
-0.266834642058249
-0.253382732902145
-1.39168259172922
0.083133390564183
-0.303875064466253
0.725980983211552
0.544189825926019
1.03626030780987
-0.172414969248018
0.79568708645292
-0.353726568698001
0.16734011684541
0.429667133196292
-0.673990949601942
-0.0171522648615479
0.821332087530325
0.0638541957299458
-0.389609633306126
0.855527631129032
-0.595655423782752
-0.264399099918762
0.511937963856839
-1.64723681742615
-0.589995723886054
-0.0112452602160068
0.225431585416396
0.103443378400521
-0.427556255896661
-0.734996607472477
1.18969145962795
-0.19021079076108
0.948000722882748
-0.432584590425275
0.343345607606199
-1.93029419213075
-1.96990308373395
-0.420438505890793
-1.40065276833282
-2.59761224511044
-0.133460108031131
-1.28038910385936
1.52005581558773
2.51321031741152
-0.781090816641313
1.81192034206128
0.214093199772917
-0.480484941625753
-0.601710262762376
-0.0297932163720977
-0.0302156140747197
-2.4146465315217
1.68874254445661
0.854577570305577
1.77676778659755
0.0741554739716447
1.63072217988705
-0.74480122011694
-0.516555488996314
0.126674837953396
0.859000699616613
0.190872157120928
-0.423142657274381
0.13943129423333
0.295500723583031
0.473656671825166
1.51999297978348
-0.973151440552771
-1.3212652934725
-1.00431543186359
-0.939425294322285
-1.96657464733312
0.632753018752956
-0.0845484168065666
0.311038197172774
2.25605077650583
-1.25783989770197
1.07029720502482
0.184386554268437
0.0945165852279867
-0.61940096064762
-0.681194813873876
-0.629852534320244
-1.88068381086944
1.44635694569896
0.605416436957376
2.11471420420616
0.0575398882100227
1.65775905459114
-0.474977535738644
-0.708776248224847
-0.208949370625803
-0.0886555921471111
0.119476277071644
-0.149981913967031
-0.0776179873131512
-0.370472242597706
0.322027125369602
-0.749706263991402
-1.56381270819386
0.735190033048183
-0.650295251868064
-0.238589959912509
1.40355334999233
-1.07402387807824
1.65434266300496
-2.0537325408059
-2.17192196634038
0.523415723829678
-1.58761246453016
-1.30519542723493
-0.847584629687846
0.674837541746915
1.16698859730645
0.566128591633732
2.49283066963604
-2.36881560056973
-1.48046357361202
-1.52314992566702
1.22873499121125
-1.60920697366638
0.602941344786725
0.862723777411455
-0.724174057701006
-0.343367631269622
-0.178192502104728
1.0357035904943
-0.145263175400605
-0.508062926961542
-2.61006119432972
-2.08023234628898
-3.80904436971628
-3.05158453956746
-0.03161471321149
4.34173621741404
-0.218321325617098
1.95872354053974
-1.07448248217161
0.0549701341131626
-0.388176880424403
-0.95371393168655
0.948713749380214
-1.25504522658069
-0.742947290537154
0.43643830779338
0.457190020989307
-1.42144249625264
0.604699282823713
1.40506068795266
-0.293873038009431
0.672649499168212
-3.17501017790925
0.603301643696882
0.528800252041322
-2.590156086205
1.0400697654803
1.09887541984586
-0.0583946234008273
1.93702483523485
-1.03458479021367
1.4592074078781
-1.13064087258873
-0.856954285010087
-0.0763662680820582
0.537877205942321
-0.587059349522445
0.847658614321022
1.32380205695174
0.680924837254158
0.341034221153449
-1.12603212863914
-2.12981357888458
1.09295919226845
-0.977296572616204
-0.106112783917379
-0.738287367909438
0.291500637521413
1.17227990954491
0.569281938763804
0.817616271489933
-1.00479269080171
-1.00021713261046
-0.686314606549163
0.704645082273877
-1.65745069566596
0.30300691208214
0.979879994731321
1.16120193289395
0.293287368570245
1.57317528257804
0.22578661002297
-0.0698060813117306
-0.511613214428436
2.23145281702364
1.18666322592587
2.28866634067798
2.95579131844321
0.211760796103237
-2.42003798541577
-0.434768165365341
-0.613833742220473
1.01779749395625
0.609955405049702
0.78465471234837
-0.0703115997879868
-0.700807299667784
0.232538258051547
0.29735347800175
0.417696095568802
0.193941993717898
1.11854973262572
-0.681838504871265
-0.494579254498531
-0.421906580377082
0.118468961884835
1.58712512320186
-0.166450874358038
-0.624025600125849
2.20124218892929
-0.419792330567888
-2.09636958007575
-1.04394556832048
-1.08067278453757
1.75425079178186
-1.01142651240126
-0.408404961352221
-0.974165630573882
-0.630139019940418
0.727545009374186
0.383172490326612
1.32343974988206
1.44387746814599
-0.165348487501641
0.121172201415106
-2.33854064724108
-2.83586244445127
-0.956659923537775
-2.04182997831098
-0.993307192656996
-1.47688826665498
-0.0197313713444134
-0.320939715960127
0.22033515888561
1.06943435170696
-2.32250764161903
-1.87173980584009
-2.76328286659871
-0.11266377928774
-1.04897934460016
1.54310558346387
0.0598509051173421
-0.136254431391344
0.618360391442461
-0.254079809919648
1.8916227303804
-2.04895345510185
-1.22168411853789
-0.798148185450724
-0.559986695923324
-0.456445030183138
0.298963821955766
0.02861159523799
0.444393307613081
-0.230358139905387
-0.352173599327473
0.501378489565402
-0.808333490718693
-0.867363220695649
0.482356522541823
0.639221726019272
0.252955079695548
-0.0691090467405758
-0.147219814951093
-0.101260592781597
1.10635587894753
-0.149591575255128
-1.54882395985042
-1.69874777633757
-0.82390256680714
1.33575762181705
-0.55888354822089
0.411255847764682
0.978175004916574
-0.337418237185184
0.918280053857873
-0.563064769966487
-0.575278837883473
-0.409107663400901
-0.435594446665374
-2.09645409445762
-0.595209945523976
-2.01806929274342
-0.599028580293282
0.688971183619684
2.84657270968084
0.56185519066877
0.798794234170806
-0.0692638390363767
-1.44964101114757
-1.55511353689662
-0.218946398815605
0.321060110520902
0.0846547131104638
-0.542515493209168
0.00379971739044392
0.754307383272172
-0.0710187176762855
0.733870778732408
0.872749145715607
-0.85078210695561
-1.29740214702664
-1.25168208209293
0.146264517579068
-0.0867209406083254
-1.67632006570251
-0.41343949849821
0.673643190668531
0.0051834666360715
0.349792844335083
-0.777203029017947
-0.117188551065626
0.0512749292488473
-0.448407107479697
-0.837438697536472
1.01352085856123
0.256482625934823
0.422189569179083
1.49859689020361
0.0992156930936097
0.854905255514886
-0.647471434272222
-1.32445086429108
0.988344100581489
-0.837127338896192
-0.79282798119573
0.679246363558297
0.652842436335702
-0.282058068737361
1.06318487079588
0.684468423435338
-0.979803855832839
-1.31380561231204
-1.62832171354586
0.684387576757093
-1.63979777549444
0.742447044010422
0.451726187481088
-0.87803973257922
0.0697643550527483
-1.42967809161338
-0.125042553872175
1.17109246473658
-0.00747550630420923
-0.385698807462245
-0.255603815656108
-1.31097157615311
-0.825392961557893
0.403360710549754
0.863994464595338
0.722689301211086
0.817141833481671
0.28414886063746
0.107499596799755
0.228969333062122
-0.0101867997678519
1.97429343730237
-0.438034172152179
-0.358558324313094
-0.177103839611926
-0.134571155335805
-0.879943981849803
0.266060132061152
1.32292167376717
0.29656025915295
-0.281028003192573
-0.734766378131028
-0.196873016476164
0.0747470545171502
-1.85746160326556
-0.368465465252671
0.987782494705857
-0.189179520876659
0.262075193035604
-1.10677575484721
1.22847231638752
0.84168839831406
0.87890461499893
0.196449819552213
1.00180721585998
-0.19231494658877
-1.75172109926122
-0.467460826515094
0.556872236459208
-0.269211353522655
0.403568417415652
0.611963209719894
-0.174220667424405
-0.433496711211291
-0.51843556795039
0.211802439825242
-0.0488500390519961
-0.196079418466327
0.345765120408254
0.1241890851805
-1.01477294946136
-0.366629177027855
0.418973983307096
1.00333584212371
0.254563091545178
0.431359424422048
0.722965627394554
-0.0129135427518917
-0.718308450257318
0.478244357730451
-1.09980845919783
1.93876601554681
-0.918355388720204
-0.0614902622750062
-1.25465492965081
-0.373861318515085
0.0356559576599219
0.105680254730403
0.891004698068883
-1.71916810942003
1.00977135945947
-0.144286819481502
0.157452760077591
1.00203503200992
-0.165272166779806
0.323526191690044
-0.453009806625284
-0.282148347991422
-0.439220564929894
-0.421280714601263
0.0151854281994022
0.0729805990698893
0.552016058596236
1.07416477335955
0.31317405053396
-0.0547725570067066
-0.0381023567285486
-0.322807568200465
0.756273448267203
-0.047567781966683
0.184297729451681
0.106674685412986
0.610725513188412
0.24301073915886
-0.863701416309575
0.771742906035314
1.53592748474607
0.163230129738866
-1.83016826364137
-0.838032204317865
-1.05971543128782
-1.60447652691786
-1.35802905027891
-1.97702347231271
0.834599476233316
2.52183720874679
-1.14233592727311
1.36646555374333
-0.203355429629485
0.718793318997012
-0.315346026786842
-0.633310053350285
-1.09382880930493
-1.37541964595769
1.16319342713172
0.560322047368527
0.992060111442922
-0.36227613792032
2.33732795099648
-0.792957343995846
-1.13634855610327
0.88546463582446
0.93258207986298
0.288760166147404
-0.601667014050106
-0.197163502014848
0.712871567259991
0.377282856598736
-0.201384698668348
-0.114778889068537
0.706707244745454
-0.0531905748110661
0.748849256888691
1.09341320849738
0.00127168948312544
0.455772304116159
-1.00204762252232
-2.84032354284478
-0.400427260367529
-1.57644219581654
-0.922562963329038
-0.494449917907483
0.574734712342729
0.385710887160779
1.9612780208983
1.51989454163139
-3.07101907135
-1.73151447711101
-2.47468574588031
0.311258469372965
-2.39346692565656
0.806407334471252
0.954079140773065
0.00328994654396875
-0.11931310514097
0.669558689967799
0.321278106371061
-0.307329551566691
-1.00936184184988
-2.72720331014518
-1.04085493603819
-1.29942521893412
-0.522620537427508
0.876168474880094
3.59955097053136
2.37087214991307
3.02701277749796
-1.41232442579178
-1.42234269749635
-1.62408093231713
2.58264952608139
1.56208551905109
0.272300931733845
-0.768073576767296
0.44182655465419
0.44038026438391
-1.03737157799636
1.14439136610217
1.46366876623072
-0.301097036427126
-1.05055183857283
-2.9836513964781
0.362906178017452
0.11747951972809
-0.56307732549454
1.10505827009366
1.39275902569216
0.489648692564241
1.80971938821138
-1.2659183004514
1.75894430456637
-1.3115466521137
-1.20462660385414
-3.03243207841207
-3.21420355484886
-0.0103394960568361
3.40451167054309
0.826499737975899
1.39013516075395
-0.704525685125389
-0.0401604123362752
-0.0340144908941057
-0.279926093879734
0.56889530388355
-0.515644947874366
-1.38809142513832
0.178324319261537
0.539972409309297
-1.81687699574822
-0.573736928983303
1.49479149954224
-0.059786723777133
-0.136367115271652
-2.70618606158544
0.156596354213829
-0.366843004967103
-2.67151060569769
0.780090582773609
1.39318265352079
0.418077941140162
0.406729000588716
-0.740387887192499
1.2230180236453
0.991412112507037
-0.0614613900562345
-0.762798983853574
-0.188493384522852
0.533828211518953
-1.25535575535891
-0.152232337272368
0.336654801328751
-0.0283744646326136
-0.308289809620653
0.870751754616081
-0.725803165394421
1.48487486415987
0.196518580527493
0.535062778095892
-0.720557451392384
-0.280684092231218
0.412361375915886
-0.842847508186674
0.833991354442561
-0.0589106333026992
1.04390654013819
-0.202637847278885
1.14017672748147
-0.489630195191587
0.269940064027451
-0.677595021985077
-0.127180349276797
-0.45468518851638
-0.457454893539834
0.854771136976088
-0.255263396533268
-1.71778615122394
-1.05540965073276
-1.13069563616339
0.0457449850575712
0.116925189618373
2.07030863591176
1.47963488655113
0.318621163729652
0.918221783869203
-1.72121155973027
-2.10042486298873
0.572387240092218
-1.19711298502023
-1.44534578506459
-1.58311504378195
-0.985393315520756
0.359217685724861
-1.07550744777152
1.27181836189141
-1.38006602974357
-2.38867814316675
-2.51204266386981
-0.679304514604026
-1.38375246355182
0.265889872548176
-0.22606576710848
0.149578644284405
0.152444668265685
-1.37908477037662
1.21553446873106
-1.9567037807459
0.238354567877406
-0.211752342931251
-1.51459599495399
0.7007650973279
1.24150209602995
0.445396330930287
-0.0628282650232901
0.796736331788714
-0.7550226695874
1.04121349857574
-1.46777094237551
-1.56402299424385
0.954162817217683
-1.26912135851057
-0.19566392300711
-0.110861726821384
0.555960869962025
0.70431533288179
0.491363729113737
1.1355873097893
-1.46233610611803
-0.359634320092988
-1.2013401160585
-0.113921923428537
-1.31049109582058
0.671989653636257
0.737312406334812
-0.246587326520564
-0.445816075214286
0.0571346230130367
0.334154616961811
-0.558583969739099
-0.318573058850938
0.501102981166575
-0.975807457736114
-0.827443316354012
-0.00825851290988196
-0.39665826354539
-0.291092782283944
-0.988253043989782
0.301575060073027
0.795381338660097
1.96820501597387
-0.669584829957789
0.714599754437466
-0.737998347365377
-0.311555819168029
-0.170289230514
-0.46968506760604
-0.269046375234968
0.391478461072528
-0.00641863530674694
-0.47662881010644
-0.509849341685106
-0.164348933176756
0.728184184238211
0.131587454869332
-0.434984519393261
0.150008239075705
-0.280159050559212
0.833533991581231
0.226122996329251
-0.282973306688508
-0.8612012349249
1.54733405531634
0.0574085593644779
-4.59092370398905
-3.3036508425479
0.796986602696586
-5.48001262249611
-0.814728460925757
-2.77167114675679
6.56819811737196
0.359381405820992
7.18380728748165
-2.72350523645263
-0.231857081439839
-4.48814291315971
-2.91184214243587
-3.26762145044228
-8.43337716025427
0.167608758111518
3.56487945699434
-4.8328430310629
-1.07419397679762
-2.81448158840708
-0.366570980955866
-0.108565698809033
-0.680224846066563
-0.642658439801534
-2.28925700037303
-3.86612176811611
6.40294113252313
-6.36653893903895
-0.652667366351012
-3.76987885245095
0.00248533989967933
1.65354662983308
2.53413664394568
1.331137182748
-2.3219073838953
2.63704259671862
1.09753710095743
0.11370567275181
2.06887363217714
-4.38927768243941
-6.04793087641548
-1.05986885753477
-1.9316929003689
2.20695054341756
2.07326439817363
-3.22154330414636
-1.75549677257073
-3.47597135302626
1.63516916303006
-2.70958373473196
-0.962838948847048
-2.45714628469402
-2.53593849717102
-1.00580547803775
1.09507218197154
-0.00823428580979977
2.95899665056229
-3.38410520552767
-5.07990678185168
-1.98642801456484
1.77899336012937
-2.84633438122936
-3.2406897255503
2.36840742861684
-1.65454949542673
-1.73575859593603
-1.88200810028769
-2.12797127355727
1.36291014321964
-1.56097974247269
-3.21262482321826
-3.00465488023839
0.252846674816167
-2.65609147562296
0.00847504974282754
2.10276534584412
1.44068978707471
-2.6759876599441
3.06893719679608
-2.32209343858171
-4.05024547458186
-2.0763121084506
-1.44276099418113
0.671556098203095
-2.70013923293711
2.60635413624943
-3.44353789595796
0.342687515313339
2.04908664957392
-3.13013771027985
1.40338393658181
3.10416528460728
-0.0683878752681817
-1.25772064589483
-3.31668332993809
-4.43222886335275
-2.23354254101561
-2.3208150271557
0.779670650837184
-3.48171687596732
-4.56856620949319
-1.99925099096777
-5.01574251532796
1.71241014330237
-0.0781044485956294
-1.65752313091144
0.391452776717023
-3.30920056770133
-3.27115379229331
2.40652729429488
0.597705947890154
2.43387135018959
-4.27250962476125
3.85452685238839
0.779633531140411
2.86413029607213
1.65073797407307
0.643448106104249
-3.05633973705734
-1.04393330690529
-4.51956435555749
1.84808585211942
0.745721500636449
0.477895883687684
-1.8231938087393
4.85367000518787
1.35581372734153
-3.73107472384142
0.875709012193967
1.1100954897642
1.39260953371651
3.46402614835314
-3.21955286466102
1.30360073875276
0.144856643702054
2.42652104003662
-1.27269354431879
3.22450512157989
-2.20060854049379
-2.83817454644053
-2.14547226300544
3.36433517793696
-2.9106456594347
0.264767489577155
0.414314425789607
-0.552340856666608
0.22732960861931
-1.98566913581623
0.493326678075452
-4.11668757884311
-0.22963218872888
-1.21225243858424
-3.17353747730383
2.89669570447001
-3.08481034372294
-2.50350316653914
-1.37294889966627
-1.22653773160528
1.29398569246859
-1.35349013478151
-2.36741974635279
-1.09223870967878
-2.38220136759911
-2.62345270532765
