32
32
0.334890460988331
0.166929215640711
0.414455124933357
0.742145493363805
-0.572707101554832
-0.387595146178643
-0.511543589864151
0.204695503555014
0.282059484602118
0.364424767278904
0.425937293063336
0.569168075749765
0.258161570591043
-0.0581370752698042
-0.557696037795336
-0.0125383256596037
0.0610551507723754
0.38576091252805
0.107385840457092
-0.276131873807688
-0.0951162266158426
-0.820069794422709
-0.0300766608285635
0.581367657312988
-0.115942429722394
0.580560923732715
0.0115999921343229
0.10442955522591
0.413365780837001
0.43143322065518
0.727914431731115
0.191501912807599
0.276048476655284
-0.0156110833140099
-0.889001248689739
-0.418059563091879
-0.10224333742285
0.432330571346769
-0.503067197112876
-0.304081607654639
0.258257805992044
0.600466462435155
0.0198472040975352
-0.0354551564799843
-0.423982514837006
0.997289892487978
0.69638766560166
0.209964963595762
0.373272443438452
0.388462585331935
0.346408807781518
-0.316524405130137
-0.232624966444101
0.471480900770957
-0.39155399644575
0.646375276037765
-0.104484606739828
0.37684416834944
0.728655350945957
0.620226197427049
0.368361608443973
0.487608246694369
-0.612165080769667
0.617966340720579
0.0909648247670699
-0.0022847124201979
0.205400295724896
0.117731781805296
0.266039203750554
0.843643453119357
0.608929189060756
-0.405298306388048
0.460772818544036
0.466948123544399
-0.882291449579272
-0.00576651140184277
-0.699932095832427
0.106208594985131
0.0368386491015584
-1.18353082243071
0.572377108344916
-0.0831186599238814
0.76548177733338
0.336110329600185
0.258904031193135
0.588817515032232
0.253514986464827
-0.037739416667558
-0.42549379734613
0.145781554554796
0.184620489959428
-0.250643860969912
0.430325315018272
0.579895119261356
-0.270910382004309
0.381216920121675
0.220808448097005
-0.480309130274897
-0.0797213444545743
0.44382800642772
-0.867569916161883
-0.192995783621375
-0.271469549331981
0.377367009269444
-0.388533597454544
0.106284363733052
-1.13755055060327
0.570806108360486
0.0172777966972463
0.381656580473509
0.155619154545503
0.195311029504857
0.0244574028391321
0.41026964157382
-0.0936951248000552
-0.102560877663185
0.0476662899580328
-0.0920036013953113
-0.32717218333306
0.226516791479176
-0.250621271221896
-0.267143710636399
0.100701613717757
0.388283565372226
0.328169949687095
-0.67417793029512
0.144658562410245
-0.264271158206641
0.290703101342099
-0.792157489105392
-0.374008529427512
0.815191743192317
-0.172820668181683
0.487212388500004
0.030434008444783
-0.464631979366447
0.816504332945616
-0.199655837792731
0.106185154469401
-0.25007243213087
-0.873703939037997
0.718401203924061
-0.207610959090785
-0.440330066790523
-0.543175189804603
0.989250586634449
0.517951849877963
-0.0261110709015908
0.688371141746759
0.195248806128015
0.410806319393902
0.357449695130359
-0.0861974504928432
0.9241935887383
0.0384563737668498
0.162272475576926
-0.831304725494902
-0.507507647518458
0.116199923984593
0.337856097937383
-0.719844542720197
-0.306324735413578
-0.327879932571992
-0.535492100674654
0.36471806960822
-0.477771286812685
0.0906524397408862
0.480405314192206
0.662964299914758
-0.369592718754805
0.430405345764049
0.309097535247949
-0.430093362029472
-0.51274552265564
-0.249985846820583
0.363604991596849
0.24281121881336
-1.02711900906837
-0.155647256281778
-0.422340341923976
-0.68186806302028
0.286834742093686
-0.300766976652652
-0.0769661932078674
0.186137757164794
0.537109423382585
-0.159046852404468
-0.475342491890823
-0.305154788728599
0.874761125760999
-1.45346387441293
-0.41244426620983
-0.162997938343592
-0.550514397411983
-0.682019761472744
-0.17745410995692
-0.377695369939573
-0.34601481689683
0.627361256194899
-0.383016507319562
-0.147157328923739
-0.152047717557082
0.199966592329569
0.0998183572518823
0.0763782433237871
0.351962020707117
-0.612602307398125
-0.452941083903829
0.508893369817275
-0.300214529294801
-0.339916045770884
-0.885302099279611
-0.42938983914161
0.116379163820641
0.412660396367204
-0.369392784885846
-0.616523000321344
-0.00142204232441281
0.18378343838098
0.471708294506991
-0.131723756632747
0.216611636086481
-0.474626318614177
0.475637979483713
-0.838512478463742
0.12071990078634
0.143120645415102
-1.29839832725122
-0.508215438503197
0.129403595776668
-0.146095623908908
0.693743176226874
0.504062644496517
-0.269529965958205
-0.527889594327591
-0.197830776283403
0.794000400081983
0.230841414313981
0.464576780305745
-0.516003285947903
0.374988304190744
-0.310689750129535
-0.562310035092998
0.513088948282686
0.375273888646598
-0.0384023773878249
-0.110436205971641
-0.117908903623277
0.33847556190178
-0.305247683692117
-0.284795178670426
0.571607918226901
-0.312287860994104
0.0598127106913139
0.784003911261902
-0.507045282187295
0.411421402474912
0.638963292536816
0.55694435464967
-0.131412649280534
0.305000069101318
-0.19174233791674
-0.0611370835244736
0.156165047613501
-0.516308644626118
-0.290900469077776
-0.231570864625919
0.0419736976677038
0.151854449271129
0.657572291313771
0.541374034650959
0.112140134553193
-0.420318515262424
0.778469303671036
-0.153085126478468
-1.18500172879611
0.159901878813194
-0.245166610709384
-0.916241844919574
0.10886342607668
-0.295021861529983
0.000257820064645604
0.122850513761818
0.555212288729596
-0.302131803069912
0.366706141185632
-0.330241875116911
-0.553876797940989
-0.312783396048344
0.35129971907408
0.740553128637075
-0.0165103681677182
-0.0974248781616206
-0.139570999585398
0.290537541107427
-0.0410727029337877
0.683937510326916
0.143156783399893
0.703617348460602
-0.542465652918591
0.184231387492449
-0.418011704241799
0.342676708384007
0.127803757954574
-0.482018382575907
0.171605906962106
-0.18543640371524
0.540006683214956
0.593926551404808
-0.341324062193559
0.806221389188158
-0.218388721103311
-0.191697248238648
0.490608848543583
0.079877149793306
-0.283652926297656
0.313984432310933
0.375763178009261
-0.453484645467089
1.00195619920029
1.33225360567607
-0.440324185588752
0.272657948451734
0.17737330195136
-0.0507892667770965
0.364528075538898
0.145034530640538
0.236047783416947
-0.782980902128774
-1.35838902266039
0.517441722017985
0.476372793896134
0.0803785383167185
-0.849805145957047
0.794378248151418
0.515367662010236
-0.517986622378116
-0.493699187564002
0.911563687468122
-0.155376289329602
-0.134668522080232
-0.751633042043435
-0.646448575360296
0.62057131396762
0.325925411723595
-0.415743357847858
0.738111688319291
-0.395323513813462
0.472135750609773
-1.01979647560548
-0.367693248021572
-0.12294306709049
0.587522636490348
-0.0430913192249615
0.107971497020588
0.269495240446164
-1.0233166919912
0.431985925141011
0.249735795780623
0.421551563122349
-0.460648437561522
0.0968760216826098
-0.235321393829661
-0.0041021845264579
-0.238675234838679
-0.200442339324449
0.212302579539379
0.231975453500505
-0.514675279214913
-0.119770450475271
0.31983217642912
0.02270625948479
0.511332713764889
0.168166641197177
-0.642615188559929
-0.276181633551116
-0.690464656635887
0.600997797550146
1.4312152124344
0.591731396408943
-0.189307526670733
1.02600481074554
-0.768137087607224
-0.0827497439969861
-0.564672446265704
0.666912816740971
-0.0787625356179335
-0.533519088798902
-0.127480835187244
0.00892354647706335
-0.0206422633710378
-1.18897834048251
-0.325292798562969
0.971462137435668
-0.218254636119237
-0.8406147662041
-0.0850630896811479
0.405932980445399
0.10280924116579
0.913315282963345
-0.343012226849098
0.0472099543532463
0.100895087870464
-1.2282544542654
0.0349812863634236
0.318187135182889
0.348893076722227
-0.313338492722364
-0.0631537169108528
-0.0608896358154065
0.384888745349756
-0.268152063266325
0.238398986962182
1.26093377927139
0.112617813200963
0.238999064484094
-0.156801882976762
0.0186279176158582
0.373912990534733
0.665873513043356
-0.198897907576265
-0.255525154673511
-0.879888921902088
1.09795348547283
0.848481175403233
-1.0060029426977
0.827444571412755
-0.242066889735483
0.266386653391518
-0.0709862980908953
-0.341163191532739
-1.04519718399264
-0.672492388529803
-0.348401108630202
-0.486288534245255
0.860005685783014
-0.686534714564093
-0.242966300095701
0.224554556516436
-0.0865318112218463
0.390432860129963
-0.00375359617753815
-0.431958553547149
-0.207912850450188
0.0445902602829104
-0.50756062772956
0.0619930870556827
0.193578522036183
0.307677390790138
-0.296081098266371
-0.0104071454715478
-0.411775184381445
0.494217776401794
-0.444511526893623
0.651566346916556
0.108357522058639
0.454266673203686
0.439637371181389
0.727207088978158
-0.639800550164173
-1.30106207985048
0.0456307114720016
1.25348201769647
0.0872842242189931
0.346737573583862
-0.537573803720076
-0.485902232920903
0.763829422735784
0.643992428607862
-0.126717292876975
-0.168055741836836
-0.629511966572518
-0.164126337910827
-0.27291701295815
-0.0191129213874638
0.647026598011271
-0.200334854866506
0.584300646744574
0.405536182931788
0.349876287637175
-0.7890421800099
-0.30198748076532
-0.531482950315461
-1.20982373791901
-0.08577519546787
1.29301709358719
-0.539828188217766
-0.0989659069575298
-0.410097756474031
0.575309794479728
-0.390881991991392
0.354700833970112
-0.970268131422841
0.0993083174852771
0.581220557656591
-0.846168518924081
0.082056012967561
-0.115425501438704
0.49149138382637
1.17852636283397
0.101414791639271
0.302775012887274
0.47932268147411
-0.107173096181015
0.577524883884939
-0.669540627864966
-0.141089695324122
0.683982406808301
-0.243868474693731
0.534777632107235
0.66192435404766
-0.50828856148013
-0.586390317254088
0.869857082767851
-0.344185158709946
0.933914413601282
0.725724288201587
-0.00741803780160666
0.868207416259212
-0.730980616838837
0.568591435637776
1.26986754545953
-0.329594649547125
0.361854178074245
0.0256502849735111
-0.942295110699772
0.305421434154525
0.256385420621102
0.653371531266809
-0.600527935844032
0.0585067307510233
0.241924985240746
-1.13549024327464
0.207502335061098
0.69962191200172
0.478147871112091
-0.264859818227933
-0.168481062430113
-0.0907333186430711
0.459162134501521
0.320076115363934
-0.37794523523432
-0.0567279573118626
-0.0912718706557916
-0.02344786516281
0.542316742414156
0.616745640507996
0.191870657035781
-0.399375650889771
0.558048401143175
-0.462219433430848
-0.443879318595103
0.281137048901205
-0.864739977659996
-0.58198491027078
0.108061547898194
-0.0176332213903169
0.576912515224602
-0.0284374505484924
-0.228264302360444
-0.547962962477577
-0.292952807053306
-0.24520503406315
-0.299046929721604
0.386311802910029
-0.201519774233964
0.0232755464017541
-0.00938264957561462
0.722710322871716
-0.165632125407519
-0.0335435459063057
-0.159630923961556
0.303620201807218
0.231073897218547
-0.313087927529744
0.366480063434874
0.267615101350477
0.291895586469267
-0.295161581848687
0.195420318784211
0.309678502033657
-0.51012441404469
0.00332757880446834
0.772873244935239
-0.0306700069139112
0.0648159628879793
-0.616025846550044
-0.408764345776313
0.843463574060074
-0.628493126945145
-0.714362001130742
-0.493221586031897
-0.140851723951857
-0.150887241937053
-0.151030493143676
0.0759478730628474
0.00300326724642502
-0.331215396900892
0.124692461762923
0.0745786738112807
0.448289895362206
0.143786199845002
-0.452948423625904
-0.644648118398635
-0.800207597359957
-0.270996541879183
1.08393220845855
-0.4789154719309
-0.0838577676495085
0.36930381375723
-0.259993647946518
-0.179345125138085
0.582281925373108
0.673776134075512
0.441871802693907
1.01495603001403
-0.238683235336349
-0.701773520898684
0.33703183277817
-0.0475601079169515
-0.869898181272429
-0.529812975056137
0.0707283900829306
-0.393648797393009
-0.445913649541052
0.386207115638509
0.471385741357448
-0.248961047867376
0.514052411343308
-0.331848335966193
-0.256755482914641
-0.0875387064631086
-0.506056026998383
0.560619206546872
0.341979863523204
0.644871624968368
0.654422928758419
0.00396602993472812
0.276187156063868
0.484397256900062
0.366726235120849
-0.345082657509395
0.0745539258626853
0.0474219271111094
0.426851902986318
0.856801897917522
0.429104206333246
0.125223391355438
0.394518950319903
-0.120241859719135
-0.0623115720437889
0.0832802580734545
-0.0643625892458679
-0.181895790162974
-1.3928443330802
-0.579459088152463
0.168103868259843
-0.22937211975214
0.57168179791206
-0.495847552970642
0.176154049065606
0.143157947489049
-0.0649696533542996
-0.0556053089778985
-0.541977450549066
-0.589227181372149
0.276673853979592
0.540700010366562
0.677143944603846
0.804235451087102
0.783055676151135
0.325384924688829
-0.472698110435623
0.521566615302703
0.76368147105758
-0.133858630040523
1.24259173572175
0.492076869560144
-0.25546752548689
-0.695981070784493
0.225482275907175
-0.665726057008356
-0.25605594348292
0.069012214014392
-0.380032105590064
-0.109575230787629
0.205654375001787
0.35208524460587
-0.640106912092598
0.36233041211938
0.449622526222229
0.0937197056392376
0.679571541907765
0.0603960670055453
-0.128301181054018
0.311298314437264
0.524163662287504
0.18350837147261
-0.915246314928093
0.51931256616337
-0.0568371677317723
0.158618139177976
-0.993198650818542
0.403953199783008
0.149986132821821
0.652648699035094
0.202258923122571
0.00876752576676949
0.651455044198658
-0.88024627044552
-0.404553249849639
0.320025192449295
0.177665078202842
0.0272934505267904
0.408666222646067
-0.447273952886299
0.0333760224399838
0.162737898523233
0.31806560178008
0.130520970080864
-0.253336286568085
-0.608346253087436
0.279258355003256
0.665309454384539
-0.509041460119453
0.125247196500053
-0.00963477646637814
-0.292755427320709
-0.661615695699208
-0.281689882817387
-0.0536675779425285
-0.209592831242572
0.588203832224865
-0.431264471333905
-0.52117519888236
-0.870249343392221
-0.153210403203163
0.220468033028106
0.154832250447073
0.549161893028071
-0.0874708569769555
0.219410074113527
0.284793403891437
0.0464970161886369
0.446638062625144
0.185616704432584
-0.549790591445029
-1.11828829464357
-0.748862108735
-0.826699255670877
0.361807523276896
0.0483286163315764
0.609497698749282
0.206951915057442
0.0662854732622099
-0.355113201433475
0.06517457828604
-1.38170116684093
0.0416663485199558
-0.3740976137671
-0.102292560666003
0.44012656419341
0.227118485777424
0.147353847898122
-0.108313288863398
0.0402410622344975
0.232809746614791
-0.0842522347928967
0.408288870283078
0.450729701789998
-0.690787168987502
-1.1119266132084
0.240564692058398
-0.284284848589754
-0.348809645268431
0.295485746132559
0.730911631038584
-0.86752167875684
0.261577077148518
0.906376371336757
0.238093772644166
-0.28966709340115
0.0339656892104935
0.916110941752829
-0.137918857725296
-0.662184591325724
0.704335681673586
-0.200048319160386
-0.525790277997938
-0.841209905437732
-0.506403782775822
-0.200183129717545
0.461050253382286
0.0813191892740805
0.814010975967082
0.438198758514633
-0.165473651620018
-1.08929251105383
0.643379304147041
0.910996931046251
0.674688674126981
0.46953491148248
-0.312454639849379
0.239279242446894
-0.543224395583479
-0.933538924618083
-0.0718842078709813
0.326176229845366
-1.0071078847762
0.0876060682506029
0.178138586822316
0.819104843390841
0.922263110227533
0.207371536204492
0.298803325478688
0.100908014375518
0.0486753648610422
-0.0421508875096378
0.98092236209016
0.666104313324723
-0.38283925054561
-0.247963423534028
-0.042616413481248
0.459953614629968
0.113818457152439
0.854527574373187
0.359913236936658
-0.995033657450754
-0.0760086524388841
0.175221585808012
-0.0725612259942872
0.768147942206716
0.00655206491339959
0.0737789841182979
-0.00319600352576469
-0.0191208182944217
0.00752160373343818
-0.744191100357325
-0.22872602072408
-0.537462025598363
-0.914924122644529
-0.442679690843881
-0.929542101806196
0.548772034492914
0.0762838950612717
0.318991753896673
-0.897119052053187
0.0281791677249312
0.187771883043804
0.547929297160375
0.156581861714399
0.0738747645210287
0.0878060834948238
0.331531369989916
-0.314865484014965
-0.0895215236362415
0.776260031871915
-0.626753483543104
0.376412810556249
-0.590381609427717
-0.542516949650053
-0.796958749471451
-0.785785324479789
-0.0427131280436356
0.184590981052297
-0.289964249619301
0.15248469236256
-0.650997871007102
-0.223282035563599
0.383921837328787
-0.719015155174654
-0.349635843245004
-0.665312009994064
0.245857269294206
-0.534894696199842
-0.122772967694913
0.289740330360544
0.0657131428373674
-0.0503132810376709
-0.149173227709
-0.0681947605564844
0.154561087790004
0.711073176139757
-0.0877421261276234
0.642910643758899
0.352507444122432
0.0671788592130476
0.441269919441245
-0.314957840464357
0.3873715890722
0.28339539503631
0.6471092774268
-1.00581022410393
0.521821040107213
-0.186797470000349
-0.797920236347211
1.0365546107898
0.445272788741997
-0.0765152272647689
-0.113772126921847
0.430802769453279
-0.768541328294984
-0.532898752133078
1.458365264904
-1.20640467693027
-0.498311646489716
0.466988573383266
0.266030963559713
0.63662789535815
-0.0223046143384153
-0.0902000883327999
-0.115126063361156
-0.132095814716288
0.397267099672793
0.379238812539995
-0.0388331148542978
-0.414376045810074
1.0207816606182
-1.1697810935622
-0.265139128470379
-0.607306474139046
-0.271404002206502
-0.825879180231675
0.154317172893418
0.208680327645397
0.109764551438431
0.811862808526
-0.289339551111428
0.350318340515495
-0.774398926632622
-0.219952383886746
0.507245866406748
0.905669200105022
-0.038087489258957
0.175803041287233
0.211943825559097
0.317152357000113
0.299086197448368
-0.6268311634289
0.834777277070885
-0.371424415158011
0.441850376440332
-0.0465022902870329
-0.538004937605978
-0.53692490061042
0.0565173535533837
0.437974425357501
-0.293985846237936
-0.317783940678161
0.485250422068783
-0.0481623883667927
-0.0681245010774907
0.618116511994517
0.900305981905033
0.867756722966122
-0.291601702150621
-0.511758527854376
0.198067637012978
-0.0303485764743573
0.669524630465545
-0.402778879511893
-0.515443319872495
0.470964670038315
-0.205268868752246
0.277549698485888
-0.12946924085247
0.125959591024172
0.370431674201929
-0.051681192873866
-0.369681741956354
-0.584055835827118
-0.685978786154509
-0.00996079841148904
0.110241633457638
-0.175930552923573
0.485261763507184
0.446627142441642
-0.117283694595215
-0.424179954557422
0.99257590457853
-0.376586727168234
-0.372753126242045
-0.792915284672576
0.563132508103986
-0.916440106841317
-0.467979300254143
-0.0925593437153986
-0.503724488218185
0.457832871852979
0.510642501364847
0.507073103209638
-0.244825644710791
-0.313835316842787
-0.145336460484003
0.156443434370904
0.867903969353846
0.298397489634115
0.30051663556925
-0.190043093936478
-0.546381191895685
0.0928288854929095
-0.223588973637949
1.08737636042448
-0.422233862340823
-0.0470720023855638
-0.00258209512255171
0.936575582957373
-0.350206371099188
0.347682093283422
0.194598059973136
0.154957830448224
0.552944564249206
0.0907798926326042
-0.140732881842846
0.283293666507494
0.0119481409389601
0.11169253446933
-0.311110828869537
-0.588595497852587
0.650566727599427
0.253370890614243
-0.548794422010425
0.239489885596073
0.973585005141652
-0.799059746056683
0.406826852770425
-0.216036629827561
0.707270417447905
-0.288400178190886
-0.51847901296152
-0.111448412052235
0.314533099721527
-0.64197411129265
0.172336024125695
-0.361175935119706
0.30418962064381
0.263038616370081
0.126324166145831
-0.338654372515277
-0.492465725963514
0.239031888470116
-0.537806390719656
0.260990601221379
-0.500419991834988
0.628267509139194
0.422827688661675
-0.150250326861395
0.56336604224242
0.00357305745789833
-0.24866636205085
-0.365462417645888
0.0231216749945413
0.0154978126055211
-0.0234099350352517
-0.418091975461224
-0.148044483194329
-0.46742529722673
-0.610831457942919
-0.613595875705101
0.23242374237936
1.04805358307627
0.458162020257281
0.0824578021938068
-0.96008873768522
-0.457458920747819
0.167144971008891
-0.278360340631588
-0.515841627993564
0.617308732595793
0.569526295992079
1.24224719330565
-0.455695213140075
-0.756346074905891
0.206128356448756
0.521531115043089
0.0745805481538281
-0.469189103275794
0.602236134407934
0.0408947810466551
0.142632394334482
0.00177254318742569
0.443695835056709
-0.666203155970817
-0.508279809288393
0.109374750467652
-0.830036045617613
0.442766328341136
-0.00269828236756111
-1.07618898728597
-0.398032574784503
0.202784977100923
0.598751709700309
0.122951791075767
-0.368292325854563
0.111830354547176
-0.851088568673533
-0.394318967428521
0.204768876143733
0.0704144447727917
-0.96511505413049
-0.714084252259353
-0.407670078777148
-0.481656576860891
0.22674995932313
-0.728869570397802
0.0658462149465854
-1.25719141109393
-0.84135233021745
-0.698760528140365
0.411223128850617
0.0966141107328413
-0.0208946967993453
0.0578840974246309
0.483282619650029
0.200439636006169
-0.175081013474139
0.122625907122726
-0.427657269887972
-0.251461087156427
-0.250695183835363
-0.438084073469259
-0.0560096571723264
0.455190083056223
0.172514987691739
0.198389602945311
0.557654287240738
0.157189343625772
0.304341750539603
0.768945687935922
-0.278592765427993
-0.121259526200942
0.337090840153099
0.488599957879186
-0.240211588477302
0.407815830957161
0.113633261107686
-0.00487048393952748
-0.422863742456343
-0.744870819584387
0.644489186882205
-0.514394055088011
-0.837945240945894
-0.318211991454694
-0.227325101901174
-0.851220158425553
0.240335075895379
-0.0301074686975275
-0.530834040832105
-0.667972119144257
-0.456092846371415
0.00573874968950107
0.25434821374575
0.377521240791189
-0.634887759903096
-0.0797555414980612
0.650377774705638
-0.223533203825999
-0.166893461762802
0.594658294749118
0.247084455916741
0.778567992925601
-0.142607646236478
-0.0340163594329002
-0.0654008586238854
0.0918044803709235
-0.393749820034634
-0.455849615665089
-0.134749974379552
-0.542191931791871
-0.453293116227014
-0.274088200296871
0.307998569111974
0.279872253747661
-0.137928259952532
-0.958904682706473
0.406712531109865
0.130906890681023
0.638941216051812
-0.581267551496032
0.932841021967103
-0.324769776854134
-1.36273350290511
0.282178966496236
0.243873786486838
0.205793252724832
0.636631018495446
-0.303722082205134
-0.399309199645594
-0.774002289014032
0.12762278356522
0.618202571287504
0.124860161003013
-0.225806125288754
-0.502322418058456
-0.142011638593035
0.971167219647376
-1.06058463025525
0.36903857490647
0.148527280095689
-0.5599301818573
-0.71086213995803
-0.558692561346032
-0.00696017829808574
-0.622829990824355
-0.551995113186542
-0.463443396387273
-0.187602791462348
0.170045468969301
-0.154733139911354
0.198517319737257
-0.259883046444101
-0.523148097195806
-0.0221943937425737
0.332548618161829
-0.1446300791611
1.12197755318224
-0.405016014979376
-1.17444636723453
0.640860241683091
-0.250063839820244
-0.678543285072464
0.593189674730004
0.0235171493904753
0.512626238453847
0.382780194050695
-0.54161897693227
0.0860831689627073
0.674357478054121
0.360708332844587
0.527067205502041
0.847642600943
0.687257075938347
0.685131817078315
-0.21391892244657
0.710267195406353
-0.190809051701607
-0.978239799055885
-0.722580798566528
1.86268126246592
-0.538656302373546
-0.0222082380812393
0.622607627787109
-0.630570651326148
-0.29051940224323
0.380877165463549
-0.0869387055895461
-0.920731297795239
0.160361787166446
-0.0954215370424022
-0.430842065166967
0.61185547643118
-1.34153677680948
-0.768619791137529
0.0910094596607451
-0.672394958138651
-1.11178008684514
0.337729334437199
-0.178864675482562
-0.710250487267675
0.508112188189654
0.606940811216689
-1.06741591793853
0.0727421828308191
0.140861699386653
0.78850944647515
1.27580873274785
-0.321754749400101
-0.409823886157407
-1.269025899016
-1.26049800556308
-0.380496385891162
-0.291099375301883
0.408291693111477
0.286334731443233
-0.347208320603896
-0.895983850804465
-1.20635166848101
0.167229511658633
0.0990258706215022
-0.269081315795486
0.400580001712569
-0.0591191686006044
1.00023323927311
-0.344270164778534
0.446234507296336
-0.605557872939432
0.0888947200044046
0.378658262738544
0.56187179235429
0.160484142183396
-0.998915806542357
-0.0199956192503618
-0.398864834396682
-1.1685381949356
1.0086614414677
0.312473244720432
-0.389701783859308
0.0390468517855449
-0.683774133385341
0.200495026070587
-0.221732644610575
1.04986962689685
0.204378166348526
-0.958053604556915
0.0626184656599592
-0.95820033528427
0.379908491262065
-0.405765288247958
-0.457928865224423
0.132634819991895
0.740052472660601
0.609359285560692
0.268758435285352
0.384342914188819
0.544784427425676
0.220402841519104
-0.685199882298237
