8
8
-0.277229405701281
-0.373727996149965
0.769296862931594
0.023151809610521
-0.123894548474131
0.853504588807923
-0.463637039446521
-0.664405040449275
-0.0502040411211652
-0.553890205636641
-0.176279519249961
-0.286258749881403
0.637544896908243
0.668227668442779
0.748416737870041
4.5070562694978
4.451784811833
4.65277868166799
4.78556984526733
5.04901892441977
5.1281768573536
4.9278806711184
4.30494278328431
4.81373248931489
6.22025301687044
3.95647189150366
4.20869501324501
4.56526613783179
4.58600385783022
5.76646804599778
5.10078873512377
4.90411168516938
4.63940652886082
4.83388874823487
5.25958924641481
5.09496069791721
5.45656416066504
4.64310874849377
3.88087406462605
4.79252781455252
-4.47670972668565
-5.36668418211439
-4.31761979436788
-4.89713301771488
-4.61302394882772
-5.31289223862579
-4.57233718855432
-5.8403875287758
-4.63530800539914
-5.71048019142143
-4.84882546754307
-5.05957389635321
-5.57885034957668
-4.70991880360362
-5.86034424513133
-4.95521052768663
-5.45626765875697
-4.77383375735069
-4.71235367976585
-4.81055251901639
-4.42191757838606
-4.02238122048641
-4.83128343809558
-5.58565539124895
-5.1078404854596
-4.69730502439141
-5.97952097064526
-5.64632230560727
-5.62485660848575
-5.40833554620796
-5.00405305545815
-4.1827050534027
-5.05177553376632
-4.23476261991014
-4.69732120665098
-5.25993845292654
-5.00009507512307
-5.40820296584552
-5.32864407294339
-5.33933003519941
-5.84740453072952
-5.56930618711498
-4.65352482226907
-4.94772037321214
-5.26132643499147
-5.15644178397366
-5.6440105441374
-4.44381787767285
-5.36311100205142
-4.59916395761858
4.37267382033178
5.0249634455012
4.76289452557436
5.66835368165938
4.72376885790861
5.48198008759
5.34755379284481
5.47601898788361
4.49796019740244
4.74590609084561
5.12119416565349
4.42942466786226
4.7292124052773
4.85029321225767
5.54779062657009
5.06014052721205
4.7454395051153
5.49351472393757
5.26198828952005
4.87645250232039
4.42062846754705
4.57427831276051
3.93089913992838
4.22613055291386
5.36033568280843
0.578708554858528
-0.0511803605912878
-0.355377123183978
-0.406900420824226
0.222416426089441
0.334800494828543
0.115779694771214
0.21373982588651
0.202033538585903
0.484691746313063
0.335917968997021
-0.0367118011693964
-0.27661971951706
-0.0556462617702892
-0.0698306943156167
5.29124658938882
4.67877548481164
4.37965114760029
5.29511114765694
4.65114401569466
4.60421669243398
5.41224777796709
5.11415290513632
5.88353489447859
4.48508985774894
5.32230941666171
5.34118969198242
4.59137459748267
5.31613892534027
5.29996445355878
5.00491956495205
4.33895479653768
4.57071686209812
4.35043349866587
5.13413531436515
4.61503211060199
5.94521500290909
5.18390363604484
5.34370775648025
4.79994834915774
5.20486370775276
4.07181188682681
4.56392875206244
5.51062482958829
4.92785816934712
4.55632260370969
5.61624692737463
4.65991605231064
4.78796661272839
5.79817139062844
4.92900619740477
4.60164036676074
4.55846088052258
4.25716893958459
4.85495737049515
5.08913364623346
5.40053509488575
5.1764774351728
5.24470089877395
4.82032575705568
4.2465711018797
4.09804837546645
5.45398036226307
4.96810365575815
4.25022752064357
-5.17949218562815
-4.58709329814485
-4.98005406487444
-4.85436369929567
-5.25397491731757
-4.80681005685024
-5.05532273533977
-5.19241079794666
-4.8768058311512
-4.4805483184309
-5.13486615239358
-5.0720299943882
-5.05325821710716
-5.62478262178534
-5.04257499456657
-4.7404130502846
-5.73516210534066
-4.7484062225619
-4.86361837339131
-3.85695936923402
-4.73830033663577
-5.59228533993615
-4.37598874675182
-5.62233165569868
-4.90273184884538
-5.36313600808827
-4.95993646830043
-4.42859324583301
-5.10423527948296
-4.19580900532208
-4.95180610380884
-5.25357707584992
-4.47977261110995
-4.93388461611898
-5.36811286062895
-5.20177537374482
-5.18439599342761
-4.38768014807436
-4.84763143043015
-5.42158577013979
-5.52721716661729
-4.82898733147538
-5.15856132166355
-4.58304797215856
-5.45050296575464
-5.13689916247758
-5.12495862015954
-5.58870505995009
-5.30506433244715
-5.54896769186206
-0.586053144475829
-0.967354351195561
-0.578168974918276
-0.051621103414681
5.2402993338846
-2.2911930863835
0.0343126545598369
-1.71359429068242
0.155512873052223
-0.645062240956542
0.661633189409445
-0.224340490555457
-2.22645789031425
0.683953537165392
-3.36548612553865
0.313320060355739
-1.26387497387456
1.35511688330508
6.52277041745625
0.889018165846306
-0.262503041770337
0.428478851071644
4.45589785966502
4.80714184260291
-5.0099754614074
-1.79318560197689
7.67270864685214
-1.3692835210774
-0.375362483343514
3.88598673320616
-0.192478310549477
-2.34857633080144
-2.87849856672807
2.86881536283566
-1.57357134395699
-10.8803969597095
-6.62663018817891
-0.145645657082588
3.99430683815879
-5.46910024219677
-0.419753589874217
1.90102393074989
0.878522526823039
-6.09245993125678
-3.40441146181334
-1.81904774449433
3.31683145812103
-1.39028533869209
3.44105180758665
1.63862647976861
-7.03689221791665
-3.77800602929319
-3.55160916001029
-4.22728366573502
3.44981065562184
0.610182694124633
4.936097077436
1.73066770603276
-4.66067489545524
2.72837384919329
1.22955714479386
-3.72391350404368
3.64347869249369
7.14128844492508
6.13421159924083
0.91069432096543
-6.73742505730761
2.08677559889912
-0.293570433556275
-2.94658346304335
-0.442557390062186
0.976409027750437
3.90016950647556
-2.98073055096654
-4.34961405753507
9.50398602680598
4.97348457186028
1.0930629015167
-5.88601703632907
0.878199099184112
-3.88981109257937
-3.1816241182014
4.07376706734071
1.07727473912743
1.27693391715851
4.9638811548481
-5.88411307605802
-5.56761309950805
2.13447727893759
6.11125304686994
3.31437820356783
0.407527602402463
-0.682003833588171
-1.20362335896269
-4.14661064738895
-0.528942022133679
6.29675694737515
-11.467368757891
0.710571800296175
-6.6389433542163
8.77860441825221
-7.27478742916397
-10.505697492281
-9.12523954803911
3.65098236960156
8.4970113382381
2.05057783130023
-3.45504374224633
-13.0999526185944
-5.80584075545984
-9.58591950962074
2.11194364123676
-6.99528877950956
7.26961310968542
6.03774694804836
9.11567613378973
-0.754370454547136
0.307066382826016
-11.2484969732514
-9.06346195044761
-11.3484786256457
-9.37921107100075
-4.7682530409453
0.139591179798793
3.38211140442063
6.54710351938193
6.41846562893754
-5.62458823952262
0.688165059022744
-7.70186961056611
-10.6249653585843
-8.50186561125209
-4.14044424541795
-5.31564171228227
9.66282142453065
6.87953928495032
-1.13926403867113
-3.14204628241334
-8.04175622128051
-3.22509421910665
-3.38989016459368
