32
32
-0.897220060729231
-0.00340527081000428
0.174107630021117
-0.496010316027396
0.604879382164844
-0.54755872824117
0.013051043620604
-0.240108367745675
0.446612598724015
0.227270435690331
-0.393021968897521
-0.630797940670143
-0.0981774670267341
0.104195531713405
-0.256144894631353
4.74723461708588
4.3074691118974
5.05195733817972
4.13124055827389
4.16483962663678
5.33246618358041
4.86776053250469
4.33507936917429
4.64306685686317
4.51244733686424
5.89283887639377
4.64346354321481
3.95778537727259
5.10494059419382
4.80399389760538
3.78875177403847
4.55705321394289
4.9181157711679
4.42316090744718
5.4717835376144
5.01986834417828
4.79610126063246
4.66719753032939
4.53350896093366
5.01293991381669
-4.70513821519296
-5.69988916346164
-4.33322106016037
-4.93624525012744
-5.08567774960963
-5.26808550820664
-4.7958927057028
-5.30150763300234
-3.99614307758639
-5.2024400747165
-4.60739855383183
-5.81909321258361
-4.9405295125776
-4.87014419442821
-4.13163728084829
-5.34987826219634
-4.50895481611864
-5.78708749313009
-4.45789137684134
-5.01372428865624
-5.47395394563683
-4.77140465436464
-4.84564928267709
-4.55215751484037
-5.51418118265398
-4.743198220085
-5.50073050372207
-4.69073169421842
-5.55446884030238
-4.61038401114538
-4.93255906878175
-5.53319500799822
-4.685724641616
-3.80759733067668
-4.95691062358455
-5.23243998684576
-3.65145971913037
-5.37873874073612
-4.80854280290915
-5.46256976136082
-4.23240010488927
-4.65747368731915
-4.89864913678607
-5.2009293635578
-4.3366905829071
-5.14913160778225
-5.94505752125085
-5.46588209702964
-4.80197939201115
-4.0619983494371
3.78846707664529
4.88649398387138
5.19325695038293
4.49376147115499
4.55020387752212
4.72743512249072
5.27950106200772
5.11414117807941
4.69341552945214
4.57789504127377
4.70566166603785
5.87464725923443
4.98297537492276
5.46250606147188
4.26840413281244
5.44576118531662
5.27409910629429
4.80244099253821
3.62695151184145
4.59442636778244
4.47648379107359
5.17537633814467
5.38820842224211
5.00296995190866
4.82610056286657
0.170723218713172
-0.951783292681656
-0.114180278542666
0.281609091165455
0.226717833018649
-0.288357064813137
0.177771255436694
-0.400065518670479
0.53141252601589
0.511782061254486
-0.260241460014373
-0.525004971417276
0.0832635424826074
0.000259111768293933
0.323149201616552
4.20693434679537
4.98855044743253
4.51494087521712
5.07536273940259
5.47619725306221
3.77301832329268
5.044679153048
5.1244102823115
4.89817361141301
3.80081843618499
4.91868375275077
5.18192258266935
5.75760808858406
4.73791108453713
5.64529502426713
4.89828968424996
4.53405580672625
5.4540551728254
4.80474534995995
6.47380912676139
4.74744945350975
4.87002155673923
4.18451720593378
6.33131896366124
5.32358673247286
5.75689453297597
5.17680496199256
4.65524901774039
4.83394753136771
5.4688450283161
4.50478315058568
4.78321320252373
5.63688208928428
4.4042689481238
4.88003970602823
5.0947115070762
4.16321369407443
4.49957530053789
4.56035383446642
4.43851864636865
5.08866522391621
5.95812818242221
5.00998956920149
4.94164024844634
4.74265650430961
4.1478031558164
4.83495432992581
4.74092451144608
5.06461178428238
5.14286827780546
-5.26613235098198
-5.28391155191647
-5.34502711726616
-5.43428346171618
-4.86763620560322
-5.50045179802098
-4.70057798530906
-4.91228306636353
-4.74008050039076
-4.46441026035781
-5.48936570426331
-5.88388451342428
-4.81292687656577
-5.48833035453134
-4.67013110080784
-4.34620371683578
-5.34827827019142
-5.19889934422216
-4.63864755967587
-4.3141201679092
-4.62528410789668
-5.25142846017631
-5.231198891238
-5.52100470304902
-4.04418263931575
-5.24882928023425
-4.95033886224941
-4.86550375482706
-4.50520334285006
-5.83700272474288
-5.49276195353375
-4.36771679427642
-4.94058852957945
-5.29516250437953
-4.73347970892885
-4.62687810384244
-4.99550303658787
-5.05006012435184
-4.86716308097735
-4.16170879474609
-5.75175674202135
-5.05063969177827
-4.97913771813648
-5.10247431677139
-3.78084100629268
-5.81202426890608
-5.25252271915393
-4.55068230812837
-5.89262032693515
-4.78637093342324
-0.953432839684944
1.07594110403504
0.237944263402642
-1.48477628045508
0.962866904288915
-0.774858406846571
-2.64334845506591
0.462264153192455
0.389623058823738
-0.364640414527049
-0.942502055175034
0.0611981665748215
0.457634306675851
-0.479679551104154
0.24609286132146
-0.527995118428029
0.270860903347989
-0.0771251035223818
1.71525672783359
2.48839002269585
0.23542410558582
0.0750056120060953
-0.676247713609681
-0.0559096279556574
-0.584320797164888
-0.0596787005603032
0.267632740764885
0.0961736597145246
0.513148893922454
-0.658608318119287
8.28186450186876
7.66032251926265
-4.29840820422683
-5.95604658147017
5.53671889044526
4.89096048513869
-7.8901831662981
-8.25484240686268
-7.28825317292361
-9.76472435364234
7.86953448896326
4.92410668998528
-5.76855120009909
-7.03434296331714
6.30469373457918
7.90771406395334
5.52776856124058
6.03473316443359
-9.82126341189901
-8.79222846758857
7.02270824082515
5.17922395074235
6.7833735348612
7.66183695289231
7.0540346880726
8.36969441963929
9.742867334976
8.9522944851249
8.07767221028013
9.04474989286983
6.0878517718883
8.56994654637204
8.70328643105925
7.7836958525955
0.315913901935797
1.91305176014424
2.32957625026116
4.60085086676662
-0.638283591939373
1.38362159559275
0.74630244684303
0.258120471186949
0.398024637937499
4.48170976459676
0.597125928510839
0.818246338953665
-0.297967566958407
0.441848887855502
-0.314152992375099
1.2567659736472
-1.30094524758147
1.28829306792251
-2.13809035109412
-2.11149411789506
1.31372419000056
-0.982745974011263
1.36459561418519
1.23392438207964
-2.3634800035488
0.559082364925001
1.30768616760141
1.34595643828221
2.18064089102382
2.19957183675339
1.6733325343636
2.31118418078591
2.34042132278729
0.254322762455931
-0.729217098358462
-0.796487349922604
1.07847645207407
0.0449704184501259
-0.641235279879203
-0.87080665581437
1.80313179625312
2.26037113104516
1.22336380312113
0.768704235193826
-2.66057807021799
1.67808720697341
-0.746396225416544
1.05141870323562
-0.0874907492782972
-0.813422368096469
0.430996019812326
-0.965279781579893
0.450514784559711
-0.73555622525106
1.84580682952473
0.263988031587066
-0.798067009640194
0.86383767232452
0.188677803834314
-0.28769003523197
0.955690757656705
1.23805153472956
-0.213447626515459
0.460716703390856
-1.25932924078684
-0.578625945526632
1.25178370114823
-1.60457744814318
1.36111485423813
-1.44940227640752
0.642279627764889
1.03091016108588
0.726829975362341
0.903073904441874
-1.64326150509514
-1.15409058074531
-0.114354816603032
-0.288828282189011
0.380986693383866
0.160151483674997
0.970187731153818
-0.273297026986218
-1.77534501745426
0.218919543737488
0.913886246542872
1.02235151727019
-0.97389524753899
-1.69711895501476
0.520971383903
0.238607291648665
0.383167788085487
0.704693286118343
-0.326189946828623
0.819079207556486
-0.755417057256411
0.765051310050468
-2.20921909131702
1.94272753836948
1.83980693248444
3.91029849917332
0.182122172101124
0.0565958013673553
1.23853990686482
2.34294860594664
-0.734037317337973
-0.182630341444698
-0.101381890311025
-2.00820106014113
0.775132451518195
-0.788632343333852
1.25500374926995
-1.44550262096698
0.993465421987279
1.10030084861152
0.70853098094103
0.155554779676082
1.82538032780407
1.61478306637462
-0.974331106827875
-1.09398957400606
1.01787843920512
0.0420250150642911
-1.13988947642866
-0.890573331383779
-1.13084834002751
0.424275639774976
-2.35905981316104
0.621660254495546
0.375339749074257
-0.00470077995956983
-0.0686875483945596
-0.809444067426581
0.222183141854286
0.00406585197166791
-0.0360618952995631
0.0713759342525225
-0.187080735259566
0.342258332865145
0.093483090700445
-0.67803890364422
0.544417512375407
0.155015555394886
0.252510891624492
0.263767720915316
-0.285140589378286
-0.206761047516505
0.441197355096396
-0.0356664410727239
0.248936886669425
0.204691644020599
0.450009265904852
-0.208905754216059
-0.276739039343135
-0.680955385201586
0.732723926136065
-1.54085322636078
0.383235742850738
-0.262944858820603
-0.879711741116614
-0.104972959915171
-0.264947182907608
-0.985380417964604
-4.17139690297704
2.53987424922811
-2.58344382758905
2.33901558701245
-1.20639313402169
0.297773430261321
-1.90530630514549
-4.67589773733448
-2.27354486466326
1.1792194633822
4.29323309534283
-1.46215211902774
-1.05937265732277
-0.197609385228405
-1.17472781905985
-0.0671744250914172
2.46953694119677
0.440931534523324
-1.2793729370647
-0.244895511663951
0.940988451151445
0.914036667555638
0.862150846789809
-1.94191035187829
0.0733811693437725
0.104895989458175
0.17215548953012
-0.858848936899123
2.25210047946313
-1.23099562572081
-1.31117173952084
0.679375390368581
-0.448391294725106
1.39092549861271
0.369380247685602
0.22167415048178
1.20932149606956
1.16993273334465
-0.170877083434214
0.120108214069148
1.40811285574959
-0.545402240441198
0.210614014578287
-0.908466134238377
-0.0709338904300997
-0.142193405389859
0.0351755020554055
-0.112370586421851
-0.442877509073603
0.558285938273078
0.187170470762666
0.703480065926414
0.402854353788777
-0.587639398149192
0.607407142215765
-0.399331979851442
0.437214084701011
-0.417113014526728
-0.0859374028535733
0.382372425205271
-0.619777583341413
0.189155217751483
1.91594359867155
-1.05234533275831
-1.71711835997943
-2.0779080736247
0.251308900206555
1.61319420933792
-2.87010297712652
-2.34747987066811
0.340164723795643
0.127508042220122
0.766476152012656
2.06880153267469
-0.163619253932375
0.912686672310177
-2.24463509277962
1.31142866093637
-0.917944700121303
0.0343933268069445
1.13613803397278
-0.476228444840221
-1.15579561080227
-1.34460953236833
0.934701465406139
-0.0240967319381462
-1.41610944772062
-0.507809896055975
1.42293955124071
0.0342215396058323
0.689541311841899
-0.102316691811185
1.35126844439513
-0.220631216540686
-0.501093130852956
-0.082467787660486
-0.844186749054712
-0.836141076965362
0.0181620416835168
0.145002887925628
0.596669469445931
0.727781093695452
-0.174159677847979
-1.32270889734339
-0.497697535836006
0.0899141281666462
0.370892441914292
-0.329810472753425
0.561102909639317
0.408098732881549
1.2953702524974
0.603396112269037
-0.0657427021288767
0.727747235506652
0.346272250047205
0.587253937850557
-0.674153266597399
0.532143935212194
0.293410076514086
-0.140824437551973
-0.0949619840818543
-0.262093054157047
-0.682305667266223
-0.679552229648164
-1.199866167108
0.830099926440434
-2.52735538155538
1.1335862539772
0.266450958049498
1.74804239789747
1.57877874906173
-1.2350742403622
0.973566868918461
1.25569609829408
0.694714564231814
-1.00808437273811
0.244802784880499
-0.318254065174729
-0.23281963863871
-0.697460276052572
1.54984907667824
-1.79132628421243
1.0939604806441
-0.278434846560449
-1.43307132788837
1.23564827122784
0.738835142035947
1.39449518661917
-0.460296601189757
-0.454867706310879
0.837178224774715
1.87153245853561
-1.23800637476832
-0.468819645498034
0.177917993041211
0.74694043128155
-0.942280578502175
1.04488789550185
0.257295698623001
0.502254628640875
1.08683973601342
-0.259255967321161
2.09078555356469
-0.704393068197646
0.518976394785112
-0.437127468144799
0.782487614716376
1.92005780756574
1.63709227211265
-0.302421575287789
-1.83319877813133
1.00427826438197
-0.0850875688788381
0.0895191047129534
0.728639405330128
-0.0820246587261647
-1.22884289683438
-0.906753484485298
-0.1126126316187
-0.235683239004568
0.717516962442537
-0.02392106755302
-0.546802206021896
0.456163350234421
0.621519973071202
0.780196042487995
0.567199800306226
0.35567081673582
-0.455397156169917
1.3117449992051
-2.46885421091312
0.124713321792079
0.29121421293271
-0.386751515853163
0.602816119837024
-0.665084210155667
0.824230587722183
2.06030740131429
-1.74525939492802
-1.48592884657375
-1.6923770974625
-1.50953700958513
0.821247962059074
-1.59237347559241
1.19270343086611
-0.371605749528625
2.05694922261101
-0.144902807505037
-0.115290999374195
0.700108476962466
1.32034973862851
0.870729426772488
-1.58781351075953
-0.573949505688742
-0.0883377647159457
1.06957071941345
-0.445281403334513
0.964177971898607
-0.517928245079434
-0.244532562329991
-1.80499896787865
0.817948081230321
-2.05988479518639
-0.341044406166632
-1.01764083090036
0.489216899585886
-0.327850774979236
-0.204920382584314
-0.283167625440403
0.857296756139065
-1.90715871481442
-2.73351296725972
-3.26591901696621
-0.574917375782495
1.17954772297289
-2.22550762502711
0.678074253940196
-1.68221100064133
1.2460239382558
-0.728463832922561
1.63262869168521
0.628511499508956
-2.31644450892708
1.73076338861783
-1.09363434814094
-0.93825394548838
2.10445141252486
-0.133872828327271
-1.58986261315
-0.910958409224881
-1.47126126975639
-1.24698744809171
-1.38947311495983
-0.434943327543885
1.31752463444748
-0.294111158416984
1.19550418115959
-4.36195060021228
1.80158796678254
-1.10729429013953
-0.495595062457366
-0.66974339594198
1.38330386048403
2.29148618390166
1.93169429005525
-0.924011747134096
-3.99845711272997
0.577229906367219
0.455285577742382
0.600582796230355
1.18758273090024
-0.247176232299807
-2.14640728085605
-0.402927350834019
1.18306527593585
-0.572321764160074
-1.14252350891276
-0.466380541554646
-1.51447752216694
0.397006479374115
-0.518459054125392
0.353307016953329
0.268205219562301
-0.198836003963822
-1.67201907685327
-0.172317000591829
-0.899743394196062
-0.834393608109658
-2.59108670583196
1.97880649400496
-2.00226421145302
2.13165537073459
-0.459019798130713
-0.282546828307068
-1.88749492627273
-3.3909976881445
-1.90012726394323
1.24523090436487
3.18113200406672
-0.324370901536533
0.0762226480363871
-0.280354829597043
-0.72763845261893
-0.634375123211676
2.42004101635057
1.19010430114983
-2.15535533312764
-1.14737103843052
0.799366672472914
0.348010006597919
-0.299864383332187
-2.37718804403763
0.0762414667837087
0.489826090011598
-1.11421030267704
-0.936126397909639
1.81887310024665
-0.987171045407443
1.72350480110626
-0.715066282717468
-0.749026302863535
-1.13555628408625
-0.861817886128492
0.873095971919118
-0.964879612525793
-0.543661440725313
0.207046444937148
-0.341106326966306
0.635081528111033
0.647489895569816
0.328305197856074
-0.145854240533634
-0.632976654894304
0.27837294762026
-1.12725225157683
-0.332622969811835
0.279227301221355
-0.332215755131388
-0.160385510725706
-1.08855383850203
0.993172604027756
-0.146646935082668
-0.664831849095672
-0.241824264839963
0.57793093041895
-1.26413618531116
1.15914937943425
0.645475543995221
1.83520080621636
-0.995118007525623
-0.522857587679112
0.287611698569269
0.101444923847022
1.32259628380943
-0.145390484853509
0.0730003463009704
-0.461370921462503
1.23178103158479
0.380141597435566
-0.256164010056333
-0.715569440314241
-0.432860577198797
0.490311679504527
0.132190564402092
0.732445791329101
1.17883366290862
-0.0800461023714263
0.673371728272095
-0.30165430005313
-0.51692640703599
-0.751639030797768
0.188594621687234
0.261569554775019
0.0320086101827453
0.0224969956079741
-0.0564524865625498
-0.113329531269636
0.519049385925336
-0.661199772787385
0.0777867551055556
-0.664854049635239
0.574648408825697
0.700248158600212
0.397328030351375
0.939756313630607
-5.32230400211893
1.77344875227463
-2.29184617750707
-0.376910673278082
-1.27713729066532
0.356186515088573
1.81438310579512
1.42706078296091
0.220551067485157
-3.16023701937487
0.899715556083872
0.362649280126768
0.279818913755121
0.620376661879804
-0.297247571830733
-1.69717348799991
-0.32236723707668
0.823545880966592
-1.2327214465994
-0.512107133835034
-0.859634701603976
-0.583239066476832
1.63849052512584
-0.179949537020063
-0.0604681758462311
-0.358854825759575
-0.320578811347889
-1.36065011667726
1.01912632038317
-1.15116636248309
-0.28570433430503
-0.605445790390664
-0.909093361547364
0.951998810599707
-0.530795505414315
0.0356560545613803
0.669483544876034
-1.1876476995271
-0.353348738057745
-0.900585077326395
-1.37468191638634
-0.0701447589642461
-1.00986094040202
1.45871246299185
-0.422481573023896
1.6226269852687
0.0505063980741448
-0.76562825408275
1.50985633785916
0.0304358432939991
0.727782734004246
-0.761463358615011
-0.355466395306734
0.746384117470278
0.820106509963459
-1.33617303276196
0.0420573259419384
-0.701049895153336
0.616532312828533
-1.04668566401185
0.467911689264708
0.665354064397094
0.193841162028828
-0.709651259168654
-2.71806432839615
1.36948528781024
-0.0943730664440511
-0.388906693216625
-2.13316876451104
0.824249432513143
1.38672007814803
0.622946651144656
0.691023163233614
-1.40458001238963
0.0931953418830158
0.854590267950702
0.26696806005301
-1.40039269113348
-0.546293042819704
-0.0589478096374523
-1.80082452341649
-0.352328427235568
-0.620228794470141
-0.40284038117549
-0.546189014428926
-2.4312203277626
-0.769382941885811
1.22742695254897
0.385081387377951
0.894104792820883
-0.217401566195553
0.66676362856411
0.653050670945584
-1.09585620724429
0.0895978979249443
1.77565518860698
-1.41583433102633
1.01229269280323
-1.27089009198894
1.61591693999102
-0.368182791292503
0.797286187742197
2.49375974578138
1.77538521669838
-0.169999997658231
-3.16212520568011
1.48066428362483
0.76290809899737
-0.401740637955165
0.893404356914635
-0.751261288709721
-1.31270066361048
0.340591445125207
0.664181309500246
0.21476320785378
-0.797536117788372
-0.815468922117254
-0.585410692677983
0.558208393514295
-0.649613926848027
0.678235886164342
1.01224056608416
0.604702811097817
-0.554180128498782
0.861701951267267
2.52622598732686
-1.05798949836849
-0.283339669422339
1.12321750904999
-0.721017615519004
2.34505892987133
-1.19161888218651
-2.09976031990712
-0.377747199054287
0.659235607885975
1.10721626479442
1.90507870375491
0.314096338232965
0.497395177218964
-2.01328093413455
1.03026341993584
-2.81660292606043
1.13522169835621
1.616422156008
0.616433131883061
-0.690281473881487
-1.2688688991075
1.17486632622418
1.34047985152747
0.656210876540824
-1.15499605603033
0.209394967454435
-1.25549823907601
-0.418430502005175
1.26675947262081
2.06938492108717
-0.584698511430612
0.453691166862936
-0.732828664070006
-0.629068846865675
0.489267282354764
0.202645674517126
-0.323359619659794
-0.123889340288382
0.337137271079537
-0.972504192923513
-0.153418606660836
-1.72334629476254
-0.638595503978457
0.76795117191411
-0.322850802089166
0.507919004677787
-0.800319250335313
0.736232863935091
0.0182919713490828
0.428500409747297
0.248069778825691
0.216026320366861
1.1924283767379
0.707260050037529
0.358045537792774
0.476128584592408
-1.20283604895413
-0.296601707731746
0.01330325717505
-0.377764226163001
-0.615141438828423
0.492758046445867
-0.321094326989646
-2.82765356537262
1.70990675717178
1.56685925859259
1.93930657137296
1.16440283508768
-1.04890415149383
1.55295792416446
2.50761017335845
-0.153774585310292
-0.244918221780171
-0.782092422812561
-1.61215215203415
1.42826580645547
-0.289365304442826
0.755989893764534
-1.61301206939952
1.53968865525101
0.0868297032565511
-0.664027611298002
1.14324965594126
1.36250082857975
2.41459634554397
-1.92666654200127
-0.545446653699635
0.998411754833384
1.3037878995402
-0.595376864077656
-0.288739610882897
-0.156078639882438
-0.105530095789427
-1.71545417567618
1.61259840568709
-0.87562769586822
0.0971318774583279
-0.913279111635403
-0.222171115329289
0.609240542356227
-1.27964309572449
0.147045929399508
-0.162093726328912
0.0628833062176971
-0.902611687873856
-0.170598963231475
-1.25581154518927
-0.146910481210685
-0.556484990074018
1.2525148921124
1.50564441113919
0.725669278447069
-0.30710659464701
-0.740920296492978
0.420406361502382
1.25901095404167
1.21630720567283
0.271718161944737
-1.6735402395098
0.900361079409359
0.637859907037867
-0.643363702615797
-0.593321480262663
0.040203206920135
0.552413011230131
-2.27345502427965
0.365279644322164
-1.85471294828824
1.14718290020527
-0.681145307388421
-0.470124585138636
0.400714001381754
-0.342831900590475
0.0566211032887689
1.02432366483932
-1.40482285580828
-1.15406687894465
0.0364845099131592
-0.500838906162431
0.253182671836892
-1.59883093436146
0.118772726946613
-0.833346126872118
0.334493283573533
-0.338315863471974
-1.08281380213777
1.22274381243518
0.584544295162603
1.29460070442707
-0.875669379015194
-0.564852015973605
0.855361180123526
0.674273732202597
-0.84875721420251
-1.06926406482819
-1.10371144892022
-0.563058597107882
-0.733441511356558
-0.509066712017347
-1.75985798745348
0.0608812698770999
-0.00175439210208244
-0.314708482655576
1.11721559216577
-0.669653410706115
0.25942174410215
1.12724615105872
0.117455437005201
-1.11572897774438
-0.810399438376654
-0.788962711635201
-0.435235531817062
-0.152916206031772
1.11968534234327
0.0778488072716118
1.17509278356645
-0.435974135427527
-0.153997613995055
0.395208583701362
0.359560244639798
0.809376361404544
-0.483928717532418
0.313667607000157
-0.607975370307797
0.100457465014165
-0.556282178713683
0.471164987929973
-0.135661080050063
-0.465263126473601
-1.04784878782514
0.471323577706158
0.252274832204364
-0.448640194675419
1.08687451955106
-3.78182363729176
1.30965701562817
-1.22995297097873
0.393790143284578
-0.61610146530022
0.545737962049154
1.78043202802936
1.18158410208367
-1.24565081071655
-2.71114568972277
-0.440674690688682
-0.264608599177059
-0.233258078302152
0.189344180119505
-0.908866840390482
-1.29032181236826
-0.708225613950945
0.0181447629055321
-0.0376867644154658
-0.808101918523503
-0.490314963445226
-0.888756209504415
0.844603440939561
-0.479820397797754
0.396581260654408
1.14176988848651
0.900425289187678
-1.06723041271291
0.869125522153618
0.388332868898117
-0.133875169386008
-0.926945893620443
2.9399490626636
-0.858244127145966
1.87828248350378
-0.278964151653136
-0.434275669590507
-0.723555037128765
-0.593328641449203
-0.970726321912271
-0.487474777284893
2.42197789325106
-0.803858865840198
-0.555000404774432
0.275131449976641
-0.621631392493608
0.134124225199633
1.40231379064603
0.336783936765818
-0.485784780404676
0.324964909707467
0.654704651818684
0.168180653325093
0.709996074632779
-0.229678974355295
0.69647044453863
-0.818854339893483
-0.544190903194748
-0.483622002664532
0.981459992120365
-0.26312950666609
1.07153191926515
-0.872730753047494
-2.1598388283391
1.67210817040933
-1.59070307924256
1.31511998269084
-0.6104181164909
-0.102424323064087
-1.40327324482748
-2.28438280093084
-1.83832895694532
0.45567409809948
1.65729135904921
-0.694106849513552
-0.825961093686531
-0.627507431194865
0.424801193361166
-0.030249401406972
1.68185321987197
-0.634901487518008
-0.542612377069906
0.207830014673991
1.09401646596764
0.756672307734588
0.190476023535919
-0.597175509047142
0.422505080065661
0.592533771381684
-0.177215586477863
-0.897202007301934
1.30771891106326
-0.771684469166649
1.6431792045661
0.244905421362219
0.292203430542789
-0.427576773826816
0.295778239098728
1.32618252397663
-0.311598344742517
-1.7077358036493
0.322851006283785
1.91258433124565
1.23602807595597
0.994728350164998
-1.02785217127252
0.546967255743208
-0.746981368797979
1.20525138421955
-0.553248744044002
-0.510731493631471
1.09992992922957
-0.910477256424062
-0.659405115039192
-1.08840113589897
1.95467398205901
-0.222507072954729
-1.77293650621564
0.434739492760713
0.183280359673363
-0.0176780013345583
1.19225819015651
0.299504820082334
0.467324618871033
0.356608478184408
-0.308362362027096
-0.457187985344697
-1.0631505775963
3.90618938648734
-1.96479928891945
1.44199104969544
-0.875143501804368
-0.0632771085139545
0.164486805611496
-1.10040003521148
-0.879861586832081
1.91104875801188
2.61185518546668
0.801868062533837
0.138570403019003
-0.0261131578044277
-0.678371162346664
0.521396056187546
2.05485342393109
-0.276364178638264
-1.21402052407158
0.398104727359275
0.366509401276368
1.24163687553379
-0.139505038990064
-0.164760582665305
-0.609393846425334
-1.25975561998425
-0.434134449023997
-0.628962677774887
1.3302320282718
-0.558427284999942
-2.39746085995236
0.381829487247469
-0.846413098418351
-0.39105010524972
0.219072787084489
-1.08008388170952
1.06573390096617
1.6009534328809
0.260994543428434
-1.8112833995689
-0.538962941924484
-1.20875180198462
0.932308454022784
-1.31868250729128
1.29463732290859
-1.35537567902264
1.85443779045419
1.07473892478779
-2.17270496506528
1.42224741013383
0.752870782936917
2.44210782313225
-1.7953064161539
-0.849684710370508
0.690080059111938
0.343235423687698
-1.13642004331742
0.514948834305919
-0.375484281621847
-0.110451082379742
-1.4883102707595
0.136683216526563
0.909291749310467
-1.50859423956871
1.04705755952024
0.712203013671448
0.208623165214807
-0.756753774016358
0.0689726062553187
-0.323219180307012
0.430189797695251
-0.398947853292714
-0.412622706102079
-1.60434057318741
-0.717012307718472
-0.35881464077284
0.941003236074632
-0.323043392843637
-0.106556059932618
-0.208271301588502
-1.36501563238304
-0.270042208392611
1.09335641380221
-0.605564930513713
-0.318789490934237
-0.1246186388877
-0.253051526125847
0.12783103201822
0.29055906990416
0.31315284535931
-0.0722422072815034
0.949852211916008
0.643260929155339
-1.29196392079511
0.0632223858387894
-2.89898814754757
5.56755197037209
-0.862355580619007
-8.75291016169274
0.74229409444818
-5.34383234469114
-1.59314200115415
3.17833847941629
0.767525759656466
-4.23908130284906
-5.10420097280655
-6.12030002909199
-7.21556453143939
-0.684837334728898
0.05650958029222
-7.14069258288464
-2.78817499478414
-3.66091898382772
2.13692111973933
4.28089285342271
-1.10631788327421
5.62295774788174
-2.39677955585285
-2.20110508459405
-1.90928113919471
-3.5582083861636
0.361153463166688
-3.75777391658669
1.25307405823919
2.66420692460012
-3.56350017977593
0.869164267450891
-0.618436937893329
-5.43767956903335
-0.736433473703702
-3.43551996356768
-2.31393804555332
1.98850555891851
-2.33452209003205
-2.18514671415933
1.29962456285666
-2.97532869745254
-1.80094630090178
4.4319139697292
-1.93172860509786
1.10369083966885
-1.8097053111601
4.22215702822781
-1.012207332588
3.32446849729294
1.85713993831871
1.19033301645531
-1.75316525409379
-3.84933795999534
-1.83796420830348
-2.12667334294872
-2.41362996624754
4.12030733600595
-4.06597224736308
-3.55825310660287
0.193425713890214
-4.20450575329538
-3.35892400292951
0.60573801789077
-3.92053738144095
-2.4913450466477
-0.088376762793841
3.03969717229094
-1.06958682307427
2.22670426911551
-1.01371608633488
-4.23752785308335
-2.26253884828945
-1.82707484203524
-1.04871316829626
-1.69088741655084
2.16679544655293
2.35098984912668
-1.25277225881937
-1.79634419478299
-0.677086262281487
-0.556375022528393
-5.04153463438496
2.45995740172978
0.200413296626689
-4.81668436922328
-1.16427117699453
-0.976574646858391
-2.35189641896905
-3.16196521023035
2.04737212363154
2.35360720779449
0.79505075505566
2.20405022101647
-3.32969583961415
-7.04231192322785
-0.33862141391958
0.0953792181700162
-1.28409945576101
5.06954421890048
-0.842597585745646
-3.82041159348099
0.940587475438985
0.913071624707044
-4.72234341494626
2.96196664178294
4.91350141437469
-3.25521248365065
3.01029763311341
-2.78175849601563
-0.535044978326715
-2.80686219708922
1.40665017981854
-1.85489064243279
-4.55054504028759
-2.05221156497269
1.00159941052281
0.758191969219518
-0.1470243822042
1.96052609819048
-0.176032633328884
-3.07609322252057
1.0463130206404
1.61359114705431
-5.07447566546303
1.5051526393274
3.47744683171858
-0.489591891914883
2.12145423365886
1.08379335468025
-0.784987836893685
-2.92728779713477
0.543445587249666
-4.6664871364621
-0.0463600591953674
0.972583547054776
1.05860016311736
1.20032886858047
-0.990853430097835
1.34626594074294
-2.21307884222579
-3.71311191099873
-0.881459411257368
0.468262898813103
1.19589180545442
-0.868992811951774
2.21843122370539
-7.25250651507545
-1.04441161585151
2.0295914712426
1.0338381889424
0.529647807944626
1.35681030257281
1.43473821435031
-4.12403517545272
-1.96963659243921
-2.28048225191894
-5.2089396133054
1.86568947000257
0.120886810140564
-1.51534500448083
-1.27737232889562
-2.05605108842022
-0.933464243791866
