50
50
0.0780076686448883
-0.583228216890877
-0.585504213659683
-0.634288618695176
0.0920467397081059
-0.831374222224467
-0.0954843113777581
-1.20961658023139
0.107772087662972
-0.00102232103994197
-0.407557386259428
-0.353884058021076
0.35062314819239
0.281455328919777
-0.442404262811321
5.079114558306
4.67319003950533
5.38488810885942
5.64122135733147
4.66315005022507
4.02309286769648
5.05296081670389
4.79037862595293
5.40014071877486
4.45909382152593
5.13233505194715
5.52046742343905
5.15690793771182
5.05252760777923
3.25235298629519
4.6895633724849
5.4180924311258
4.78834967169381
5.14129184206121
5.29415484319511
4.66960499650405
4.20502122190296
5.04137846826755
4.95378589909413
5.52300618810953
-5.30436994987523
-5.42201745363209
-4.47321346791425
-5.32514770511818
-5.33653063844273
-5.09973022999627
-5.27267160374216
-5.53952814912284
-5.02511029718065
-5.62774388476356
-5.41907598511692
-5.08466188311401
-6.04841548681869
-4.55832651795484
-4.79363898525157
-5.99430300931199
-4.72621563730538
-5.65361055299455
-4.75517174290212
-5.43964903753024
-4.91900001387848
-3.3535978919397
-5.64704332016887
-4.16656709295149
-5.07087660342927
-4.71054925824905
-5.28502292849775
-4.43491493756762
-4.94161530077317
-4.76996433052711
-5.23995332849113
-4.38838935594614
-4.68118527946849
-5.51946197757766
-5.31837979394043
-5.35435530174749
-5.22847314349754
-4.83915290755469
-5.18031742570241
-4.66875450798866
-5.78230385452885
-4.94201428483916
-6.36444507949762
-4.46271113500068
-4.43680002882401
-5.78432188729294
-5.10786852472873
-5.50413613171564
-4.82443053794757
-5.09336866369083
5.94427318142839
4.38464409921574
4.97268306981884
5.83567929922545
4.80653694003373
5.09570365785922
5.00917676482888
5.13984723975756
5.55366728917703
4.4127762751519
4.55107469868575
5.58003020948868
3.89366814072848
5.96120939647387
5.07948072747975
5.55136648621446
5.27361032789126
5.0025535280426
4.78587437051531
5.62987085804831
4.37243005202936
4.55752269792799
4.09438855417187
4.79855782901482
4.92356143114913
0.825487364350088
-0.885478086965977
0.108887691183106
-0.629913539570796
0.276081715213124
-0.0573010283301332
-0.613193069431859
-0.614837669455396
-0.0995989151508647
0.439617064691404
-0.587463731080012
0.546959151512728
1.01530491617351
1.19661216712143
-0.370168866399244
5.42565842901023
4.96572825316208
4.82834442979011
4.5475994718337
4.29960334307713
5.08083997960999
5.68196384545258
4.79859044184443
5.04325627416503
5.6408160543661
4.81124102235882
4.57029408601281
4.7947161859557
4.59922220448246
4.66603392902267
5.32622001455317
5.16912911213705
4.6714156183837
5.21233334523188
4.04809106229074
5.18628935607517
5.30412736011788
4.84559843404318
5.14934969946884
3.44042792077258
4.71563928876707
5.37786581046466
4.88147383443027
5.72805801198097
4.44309109336171
4.70562412456497
4.64458893087149
5.42287131572335
5.10408557557224
5.11522583825859
4.30366696278797
5.62884770068865
5.01357849482103
4.45475313441966
4.54760293019056
4.64770601467504
4.88190118920186
4.54953794249349
4.82586746697815
4.53772779700636
6.0019439002611
4.78799200898899
5.02204592757523
4.63385590612835
3.64829867626138
-5.02572998732769
-5.52051260551144
-4.76083779366689
-5.09924065974357
-4.75073076506756
-5.16172109719759
-4.53940095813105
-6.09216818453469
-4.82683307291993
-4.02264767414297
-4.96870128357369
-5.64058550539031
-5.29038323301471
-4.4434227004247
-5.11698214657175
-4.49016913411574
-5.66807470484215
-5.45753100419647
-5.48660122821933
-5.17809852344496
-5.34000007918423
-5.24978954577896
-5.50118595976521
-4.81938064792189
-4.8932587771395
-5.26261425643846
-5.33801124697446
-5.55278442912681
-5.02206348260769
-4.98379060575593
-4.74372702994303
-4.5106444533037
-4.18655164692663
-4.67930829859668
-4.84985332878676
-5.18116196343579
-5.34313520239017
-5.93082057821426
-4.92851257325554
-5.1312790286836
-5.61907136270573
-3.81726086234728
-4.78187649274486
-5.01570814812869
-5.88135826275419
-4.6606086619111
-4.36945010783799
-5.17980290758379
-5.03818437747161
-4.43097090154072
0.997825319299863
5.86295788630123
-0.0888415477637059
0.442060860915907
-1.13918008952648
-0.0443084111770258
-0.580761764077463
-0.531603643655498
0.094617501062179
-0.319871091605579
-2.98938691692691
-0.573986932635308
0.272270815056123
2.43154654886755
-2.54406354777945
-1.91854639711402
-0.716922435695765
-0.279761832078612
-0.135823475714034
0.0569383816936796
0.14419266051517
0.575456636855217
-0.525242652668519
1.00258524977289
3.84833694297055
9.58961781756097
0.151225004720196
0.714127411399554
-0.351085691172729
0.17008239892587
6.62704675660187
5.96878733248225
6.67162884552221
7.5376566637752
6.08868427457049
4.79653199864867
8.07910141462352
6.37270909385782
6.05930240158687
5.27679081957831
4.54262870742623
3.96004917571758
5.70322976436262
5.31981214756992
7.74991086795901
6.28232164334585
-2.79837234582145
-2.02293203776908
7.51670600322201
9.72228266323805
-4.90110406616375
-4.00701048964644
-4.07307245576331
-3.43791886127009
-4.21787452658646
-2.49973298177306
6.55765671684777
5.61722388651622
-2.88000265268669
-3.47075495286968
-3.27582067676081
-3.70990637302931
5.80408179041981
5.78194027566231
6.37248337864981
4.97642579300377
-5.32000791379308
-4.04310858667085
-6.45925811884854
-3.3044623217338
-4.76081107152546
-3.79428535665588
8.67543122615044
11.4004130840725
-2.35638819151557
-2.03065657623899
4.49991541455171
4.34926233845178
-5.42867350553847
-3.10523107841784
-0.143596538456757
-0.499043088150381
-0.306662154125167
-0.918748350421311
-4.24847763035446
4.51285471903877
0.57598736863466
-1.24815534821206
-0.768855802202668
0.777923389022127
2.39446955951208
-2.8915647278205
-8.01089188733563
7.34551623395738
-12.9959393316402
13.1990167464843
2.08721106032728
-2.67065610948741
-2.76962499435642
3.63278205645993
5.931839625936
-0.341833547870709
1.73058566626836
1.35199443052937
1.79638120558291
4.90434955801177
-4.0183858590668
3.06590939600743
-2.04094881164098
-0.427692320667191
-1.66125990330477
2.522869142927
9.50027300096722
0.623780610351669
-1.04433946310335
1.22822280214099
0.929851466006981
1.12122416524109
0.904241089675263
1.42783394346516
0.712515347848137
0.8288350482908
1.31639032017427
0.336315584854125
1.57874839836745
-1.59128410909011
-0.667088329815047
-0.177895334727065
0.898445516964822
-0.557350316362893
0.0672995980053541
1.38919082283146
1.3137948408935
-1.16246295280879
-1.30667923158966
-0.743982728518688
1.6160307087332
-0.957956148583324
1.04378449852787
-0.957963485794037
-0.170501972900583
0.0102297194303486
0.618276257011314
-1.218832377322
-0.429997578504255
-0.499698465463406
2.02425458179692
3.01290193870485
-0.23013571126057
-0.21775159343822
-0.527876581283507
-0.276535831528618
0.27071168136155
-0.822859972534519
0.242922597945572
-1.09984007784447
-0.169088303257685
0.410550784907552
0.725288320549165
0.235236626725094
-0.19599250901732
-0.255290867940505
-0.416766775739226
0.49807864483189
0.416880286733488
-0.667883825499349
-0.672329030438667
-0.620183419315525
-0.49094182320718
-0.0214375378313381
-0.324653854844594
0.170589665384836
0.330486283591021
0.450668217404005
0.0504224227173189
0.296971209145162
0.557676452292124
0.113301271115322
-0.431690764731277
-0.221460548656662
-0.0295636113737976
-1.47631960718745
-0.578386442296688
0.823287030709994
0.0250960538391619
0.173720229623065
0.59581167672709
0.511824529752535
-0.67216863287898
-0.468006506807309
0.0570443509189568
0.297386270357088
-0.862649985816001
0.192681084182045
-0.0961051889666206
0.648251733700697
-0.142180473393505
-0.148704781348814
1.27344568976795
-1.39585135553847
-0.108708970845287
-0.790650814179406
-0.607521688114842
-0.711563788973357
1.61639620983701
0.597088805391764
-0.822020140890466
0.539565948464924
0.201853160346927
0.142243767549032
-0.387265327902054
1.34443189798772
1.02436644595133
0.252469226982606
-0.467446562689295
-0.82140969975943
-1.24029788472049
0.664991334287765
-0.608128877197869
0.87246896039084
-0.0115040675322483
-0.884854580139461
0.460648569715683
-0.595100194458043
-0.382888229448997
-0.814522499720192
0.721275114855855
-1.81427296936319
0.194216158292642
0.163715361463901
0.965278941471646
-0.627499161593721
2.08075762110802
-0.424648913130663
-1.14578767171454
-0.17828480067845
-1.29047694650886
-0.308224371439017
0.197250556424238
-1.75084391414218
0.401549340430829
1.05204717038113
-0.333199628470645
0.777075851196545
-0.194181229446442
0.0462410527315324
0.598596927315701
0.0663884204293153
0.990463280449387
0.496803938342674
1.67017566187172
0.057131122612374
-0.555516389375284
0.45404928349222
-0.288618012288946
0.661810739201726
1.58351495253555
-1.00772552246858
-0.516836988284533
-0.29064515080576
-0.817462922632293
-0.0396453411733078
-0.245053203262193
-0.499986743481359
-0.474552448875789
0.0989519617163248
0.995613292769547
0.281442093517782
-0.588460381908128
-0.29808217776843
0.298592407135354
0.137555746917406
-0.102031169695905
0.613181870744059
0.751902410419008
0.482832955443844
-1.11941269808329
1.38124868965655
-0.561766028946301
-0.0858936713544661
-1.06823347048845
-0.0454163643865811
-0.597035648078835
0.304185700655083
-0.201918777144917
0.441978314272878
0.76069546653177
0.149100214936473
-0.163310155663802
-0.434122561972295
-0.083231149594331
-0.175916719448006
0.675173229046765
-0.843153865109168
0.0694512172885
-0.697620936421476
-0.910393475064696
-0.941042538531476
-0.674107674101123
2.18063917032536
0.31527860189769
-0.298460107967623
-0.306775939585911
-0.961524177865439
2.09097357863833
-0.119518669114476
-1.61498173120869
0.338611885277997
0.498761607292986
0.34593488143993
-0.277807254781298
0.735946049353998
1.56379995857315
-0.256194800855867
-0.166085246721475
0.83076160635398
-1.59332773598141
1.25980947523365
-0.101959796340038
0.812510490819195
-0.505661203382511
-0.247048887105655
0.361131067531889
-0.613499010651808
-0.707905258458363
-1.86727137309673
0.768562309667831
-0.783666910476948
-0.204540063980151
0.0887943772608873
1.1306537424452
0.132925993249837
0.634297398459009
-0.808552259032404
-0.845091623555744
-0.268755589320668
-0.798100391046254
0.94682688041151
-0.225635565870253
-0.605691443486314
1.11634503177164
1.75156121600162
-1.46376274988192
0.30722262090822
-0.859357562426478
0.545875090851696
-0.403284413100919
-0.388640148681775
0.6258099121834
0.0777009301766708
-0.381164061202438
-0.18153587549734
-0.0869747820488212
-0.52197606271696
1.98810840597396
-0.238425371129496
-2.11655241375045
0.638664487427623
0.224813026940215
-0.373625380716844
0.0962646265708698
1.14476810058802
0.674476426754607
0.664141897336748
-0.408875920822146
0.316108682201707
-0.55894370501483
0.0668256822756887
-0.512279802207552
-0.366193968452588
0.580919918020044
-0.291849689553953
-0.0105328105433034
-0.997566645196431
0.171485208501273
-1.1760861740091
1.36719503078533
-0.767096583132533
-0.198845084323921
0.960470023486745
0.79961801955426
-0.286178431078548
0.880416656782588
-0.202981924728742
-0.512559666241373
-1.10086775496661
-0.710143954009806
0.0790734639882611
-0.369427382203227
-0.963641296812718
-0.418811866862594
1.15656114517646
-0.272211257147285
0.282649893095694
-0.263485691378968
0.295445763470124
-0.268180721900825
1.19098085600942
0.227046010124214
-0.509354734521244
1.87200380600203
1.94415329024939
-1.48075606691226
0.232980816345605
-1.51172730280307
-1.32014267275309
3.06150267543434
-2.20043719362778
-0.92000619667477
0.0514132843356129
-0.448145654901251
-0.545524682566163
0.345913081829862
-0.66719526591731
-0.465894902321021
-0.151688850571081
0.770048506898046
-1.20155667924705
-0.160311713258616
-0.302378463444443
-0.0991949796485786
-0.687377469781381
0.272380481378504
-0.0771490821611814
1.18269418235226
1.42396489166728
-0.333846723618523
0.719564057094764
0.53181928956187
-0.597187633967472
-0.850700191312529
-0.313189779480968
-0.801625584984088
0.479315798521036
-0.149548779847693
0.491772261448001
0.868215171271468
-0.579467726259874
-1.04652166772175
0.936569047661527
-1.79083718061608
-2.31769447798776
0.391083399242258
-1.02382724195382
1.19566480700813
-0.803831030468998
0.174515062118298
0.107506593746143
-0.0750744032432115
1.04318857993318
-1.18152040470496
-0.8176536072894
0.246662561239869
0.166233845746428
0.323362674180902
-0.23377830774235
-0.766577894450523
0.704322347307196
0.328582163908378
0.320034393578138
0.90905019016941
0.7079891497683
-0.821739739219724
0.272690178327171
-0.246485259869853
-0.0933700233356078
-1.13989505471838
0.562842557383254
-0.358338827960229
-0.710540669804774
0.300078525894023
-0.182473208592985
-0.51366197843176
-0.11960569484542
-0.249209789872221
-0.416375822106981
0.523052107229815
-0.460278078122814
-0.488110351090501
0.392171132082746
0.696172908213588
-0.425750953521454
-0.527225384747944
-1.506032609353
-0.39498892239474
0.364476052403772
-1.02334374762953
0.0707112704055016
1.12019402837115
0.871066074053523
0.987046001976732
0.203028951912796
-0.53027283281456
-0.00443159751768574
-1.79173198582316
0.667671911101795
-0.620158543700014
0.182916312946274
1.05780777331165
-1.01315774664802
0.697295670686745
-0.112264359352027
0.373948599489914
-0.298145906788137
1.10968105177667
0.321331025558978
-0.995851805852387
0.401939516361043
0.523047621449672
-0.254002816325563
-0.73456561918041
1.27938733160246
0.504493248780422
-0.384130788262617
0.192319011889232
-0.0422983208466377
-0.183526630723725
0.121031561852995
-0.245907326805144
0.681051655190739
-0.773333697186935
-0.961926304849878
-0.0350991245801577
-0.139050913811893
0.237010096678027
-0.493189804726731
0.0295303270447759
0.181901183075542
-0.936701142942567
-0.180035485317224
0.147087293124857
-0.593974304433921
0.553162886528492
-0.244364983620473
0.477409833483106
1.4085705741959
-0.266892773365278
0.360938849395966
-0.358804483764999
0.781909156632515
0.696530008643546
0.539784493158818
-0.24834039914084
0.948159024377477
-0.21849608429304
0.858284272202629
0.506214026035974
-0.493405909022197
0.503616122727721
-0.293721407939932
0.167736033295953
-0.0476369383224573
-0.0393271710891364
1.63023140515138
-1.0372903579703
0.0117408031021504
0.359107674077111
-0.232288883061206
-0.240919530519219
0.228309222710753
-0.0555771800642069
-0.456794856690936
0.433134780563181
-0.119737791893398
-0.28688750071834
0.1949222005697
0.200879374972142
-0.236686703937814
0.363823037403976
0.425006142707062
-0.250503255305223
0.0341914350664063
0.0278374020558196
-0.173051987153836
0.900326332504493
1.25481863205878
0.760736047019056
1.22695201237003
-0.44500637692439
-0.801321755065742
0.191919699437024
0.975591464477878
-0.951949756839577
0.666288489976128
0.695117754038319
1.16316204376653
1.43867777266305
-0.189767529349306
0.280190321232976
-0.428604248264188
-0.387869301203917
-0.386235415018371
0.942157439242274
-0.695912335251146
0.211646905429862
1.18442372717329
0.23538769548955
0.124839217602267
-0.177761802639049
-0.48084443112964
-0.553026821917348
-0.569505316641665
0.329257808607443
-0.552410929478798
-1.19163957011742
-0.0540048240632632
0.652022983292147
-0.807423391700946
1.07643612699314
0.946576407139317
0.563931391174471
-1.29562136990154
-0.747645352406098
-0.585982354149332
2.40055456316942
0.182138503616929
0.408005971479423
-1.54822022969418
0.135976674091986
-0.0554181043998515
-0.0608427049651753
0.459527257561353
0.26102174695955
-0.00847470043948822
0.734767615739074
0.0357861181588873
0.869379042535243
1.36615083404085
-0.509832060735305
-0.490565113081044
-1.27377225404386
0.230515083275577
-0.669018938887122
0.177901724205476
0.808788883904548
1.38985979175934
0.450939562978488
-0.127432627733445
-0.189802446298856
0.923859791036216
0.0420630787365446
-1.00171540905962
1.27921012698479
-0.408259162835646
-0.473900390220046
0.823240998332278
0.509038305598457
-0.230147631120335
-0.900493875641629
0.232812864510585
-0.608817386532637
1.0656568746092
-0.251111107198492
0.596832420064542
-1.72873504241942
-0.403138908579605
2.62637885396693
-0.566181600303561
-0.954078991093527
0.961705194344097
0.322191839730917
-1.3970669954319
-0.998672898550461
-1.15844598497908
0.783082495645748
0.192741094476786
0.583883228178003
-1.45310417311611
0.213738479756017
-0.508126337256077
-0.851480689921326
-0.125778673206033
0.426190455625138
-0.216304516926668
1.42873706736716
0.830840094955624
-0.470404725506596
1.29891060606739
0.863440242790807
-0.18564267203292
-1.96369607704512
-0.0877115544218412
-1.06737972826444
0.512674582164934
0.865118790433076
0.828200277813887
1.80622048494541
-0.417255909101972
-1.22155891760118
0.530093789115983
-1.48596735097284
-1.19109426692571
0.720090539086936
-0.212194752417491
-0.206963292645621
-0.814165385916047
0.596169992234533
-0.094898979981346
0.0018577161002432
1.49711986481466
-1.17612280123265
-1.21913801494523
0.97589420249901
0.177730063445796
2.18653808983197
1.14762543966117
-4.44296054884035
2.31667901169701
1.49540445758336
-1.3114412713277
0.894389054808449
0.567105217220159
0.460980169022545
-0.330328899717661
0.307391488778204
0.187764696678477
-1.81588044123081
1.32828989901119
-0.998996639941364
0.990352863101608
0.881031430506929
-0.115717536114588
1.08995307790649
-0.586458636799395
-0.961023507422921
-1.54777998902891
0.220422460852392
-1.7001948333122
0.119669516536724
0.937704167396091
1.3572225453161
-0.897696147049227
1.33915891759441
-0.927700571914259
-0.131430513252493
-0.58568613954297
-1.13391296988897
0.666004501766582
-0.328529169722505
-1.09939879262969
2.67187906471107
2.46083135095194
-0.0938195169807824
1.15904745009657
-1.42150481694122
0.237085573277168
0.0721973002881347
-0.129210801302121
0.582923360765261
-0.716167447745417
0.601775453169666
-0.140471346374486
-0.18801467857726
0.80255323565444
-0.400728979980702
-0.043133387643543
-0.124990798176289
-0.241555056859609
-1.00056056311107
0.772305046474556
-1.00946829164948
0.46638536612126
-0.462174229625572
1.02899007359217
-0.969452415706875
0.583958246047291
0.105343269433748
0.504616110738687
1.26684435125011
-0.495929431450831
-0.354299088431488
0.677972607574151
0.60285058342642
-0.235929289885919
-0.400728908806759
0.869914049340847
-0.489847056323886
-1.33732089428672
0.375495713820476
-0.199124990173114
0.00398797775367305
0.0934893361599935
0.0907742018058731
1.29608531674148
-0.676177527977001
-0.736360911849769
0.410194670387306
-0.313866221063886
-1.19497107413573
-0.950997504419327
0.479339925708067
0.465140498347484
-0.235215415259231
0.990142640748406
0.24511262570197
-0.405827585494817
-1.35202589991864
-0.689443055678807
-0.317815297840584
0.745231670541593
0.526925277431478
-0.403178784477992
-0.698589036125601
-0.162466227115359
-0.112106219709528
0.0444976088694722
0.764024597733937
0.768202516741995
-0.869392107599978
0.379598440239488
-0.0893893616838512
0.450613795521615
-0.21698335858954
0.231317665268698
-0.743154738077788
0.406806607717281
-0.152496459795729
0.322757716179866
0.907526699194654
0.0209176962214177
0.685394487500146
-0.298388785436155
0.522625668922849
-0.0109247587583789
-0.644933759025649
0.102090029846536
-0.214734264561023
-0.336637255031747
0.987970259687889
0.858537601017775
0.341536672023366
0.147765889171742
-0.29209837646708
-0.234994802139585
-1.03074263518671
-0.242983798556777
-0.830439434650478
0.018165094514996
-0.393454039740025
-0.486920366015765
-0.403658475377055
0.0730473716518542
-0.981479197057732
0.340426698640075
-0.366686386583749
0.157462983373728
-0.639268408194156
-0.252026499670444
0.437236192600738
1.53577130379592
-0.181728029048098
0.294812561291789
-1.09620485687127
-0.436369083381442
-0.454610668094092
-0.862834153000255
0.870281872872162
-1.02252463367768
-0.886287518977256
0.0399323640573012
-0.522498723810001
-0.761614868964056
-0.437197570535161
-0.0380832852503738
-1.80826289492883
0.757283966416244
-0.278878143474696
-0.17687234810792
0.462238336927235
0.387252255063671
0.575690918101424
0.744653186905436
0.355538783618829
-0.408724857623111
-0.0474588176663141
0.472007146642061
-0.313678994474946
-0.887598977713166
1.01701036488035
-0.276464090268686
-1.44767179550239
0.634065011035692
0.530500954233154
0.494475152708117
-0.846454024692465
-0.152316441752214
0.00132644700181881
-1.10841689276641
0.598762848819786
-1.59245661605894
-0.603053435525499
-0.19666109823791
-1.09333683260478
0.0641367870361719
-0.0253349989348958
-0.455057821238692
-0.227250512863406
-1.59050949733518
-0.592346382157106
2.14877189077465
-1.58909310733742
0.100120865838037
0.152069534254876
-0.137710561212396
-0.0840113148075948
-1.51547917604385
0.0137022941163675
0.636310255958408
1.04518915168617
0.302348809598229
0.263780070678837
-1.4163419338099
-1.30881702920085
-0.643437282836158
0.262113357202303
0.644302709226498
-0.180855706834693
0.539497340375743
0.29207850888074
-0.57184501078475
-0.147600571402325
-0.495044006279382
-0.649161668599976
1.0168093167069
-0.495890672024644
-0.380967332937824
-0.347594260489447
-0.299667697685569
-0.513818759726023
1.06281632179706
0.888357003669297
-0.535065521833432
0.338792151690363
-0.583627165520433
0.143625199002995
-0.37246678698524
0.422248246298709
0.0586526674563797
0.23049284733196
-0.022964011812898
-0.720234342185618
0.903692837279764
0.00148336676305881
0.384731162823636
-0.631557397604011
0.296565948137176
-0.348126998741559
-0.230877456585101
0.185415773506968
0.535046453181484
1.1135301494191
0.768251343615211
-0.344075463684221
-0.316470491965645
-1.54347014820027
-1.05066838990374
2.74211275469425
-2.0069484506761
0.248867196937338
0.590502675676553
-0.390578128123621
-1.79961438007623
-1.03948802314853
-0.360214915117244
0.443820961353703
-0.00556812841521096
1.75212019701746
-0.405117512487301
-0.115317165099136
-0.763262540579143
-0.152422712379704
0.0170459994986217
-0.0314284862472223
0.228063001699752
1.02654468859646
1.95193508327774
-0.734113599877821
0.399026629699059
0.229134688358521
-0.414104332876752
-1.21714170231235
0.371137085826787
-0.824847160090814
0.697766955516734
0.380876467615362
1.48272123037982
1.52140893608042
0.372776100687506
-0.50162341621172
0.721358224044855
-1.44600649863236
-1.09921298644935
0.965629672626716
-1.40256340862466
0.638564218557741
-0.877573472003961
-0.892332937492483
-0.0889078890817393
-0.269923435496139
0.800028715782651
-2.38064536435677
-0.34716739902388
0.572718538063624
-1.11847075930429
-0.620061406653501
-1.42802055477326
0.342716168886121
-1.26421817054531
2.12480704662456
-0.382321092401621
0.412741805390527
-1.83686069280874
-2.80501277748253
-0.954912222225094
1.95166319197601
-1.16971703112364
-0.858171829612948
-1.39828748326365
-1.26694159311525
-0.919825486894067
-1.34973610798708
-0.707504545512535
-0.869184935425567
0.977180588519173
-0.181342174452823
-0.0289811724228797
-0.994425410215692
0.128175825001327
-0.341544555312635
0.00688239962452052
-0.754660293648307
-0.675741524699688
-0.373023816008348
0.523324255830166
0.0376968363038672
1.3454335114754
-0.92397910317787
-0.280896970501826
-0.496634685333998
0.927326952597384
1.55078206154999
0.678249043496106
0.769508958987523
0.327270057636563
0.300450057855817
1.40230798686485
-0.200243843747058
0.301743338850105
0.626563260060759
-0.382200779613066
0.640024817133529
0.31395923479106
-0.147575143678523
-0.427703256422247
-0.00551159146240335
-0.576047308608844
0.0256791061123391
0.171270803530829
-0.316563601834549
-0.441507149005074
-0.47621159032261
0.532810967573141
0.129844433653241
0.737946653860543
-1.65990212175362
0.296583640723541
0.112091547722432
-0.129363556305821
-0.0516569422927122
-0.420402945435312
-0.29667119458855
0.000297951625776071
0.46148100788449
0.286347739452433
-0.121913108410249
0.291201697537453
0.15443256250964
-0.497479340234192
0.393595485575378
0.0778105559679552
0.741744431058132
0.181814992104493
0.0567099672294709
-0.74169931775751
-2.09865232479923
0.179063773745845
0.419933945938829
-1.19401416133447
0.0653293611999452
-1.13503757695354
0.234628785023303
-0.00651413393528104
-1.02927244380014
1.04322376889248
-1.00811495246805
0.621537891405199
0.23887918664418
-0.468668012659214
0.303647805153272
1.12367492201815
-0.824293015978
-0.849472455280148
-0.473945213314259
0.107161591685764
1.15150062663518
0.42167388460451
0.252468161029924
0.415951406568211
0.102062483792678
-1.34125012526074
-0.629312880992717
1.03501811882819
-0.927259209480963
0.0358733975734252
-1.4125823795102
0.813734611399675
-1.26357074176954
0.625050269202056
0.691196941297241
0.289491041583379
0.283884507935646
-0.557748960808401
0.762526042134531
-1.4801541096826
-0.955270885783467
-0.246167041010314
0.795444855828091
-2.23662943340338
0.347767801118456
0.301549121480009
0.167442326616893
-0.291532459236157
0.76255379328974
-1.1475594340129
-1.61086277233591
-0.915035843255678
-1.12215627026826
1.07739602332276
-0.126472328680968
-0.808352165848431
0.395114103988616
0.852586512308505
-2.03828481867343
1.02398061262277
-0.329047648566506
-0.252414664251098
-0.779533390583151
-0.910165903697294
-0.193136531769406
1.51644433682436
-1.03818263221825
0.378425425957423
0.151834864650163
-0.550648152731749
0.533529208543639
-0.377461695394902
-0.660220978547183
0.408209248816635
-0.728158616008116
-0.186898649138463
-0.50909917468637
0.137129336351156
0.459774901842611
-0.25795682829775
-0.795768764627821
-0.30129130874288
-0.370846968766295
-0.526167404772955
0.997294067140083
0.177592605137773
0.541592467124836
0.355897865991156
0.439072602122739
-0.755056920579375
0.28186615808997
-0.249964817078371
-0.0214829320754737
-0.432580733094162
0.0165902690384926
0.362850220077215
0.853993245261186
-0.203796456526828
0.00909840083892716
-0.763331709540027
-0.666881215288674
0.0395122827685595
-0.240913584925752
0.612232091694247
-0.373230794475693
-0.630619703352107
-0.264714731959336
-0.0473690648159306
-1.37170576574044
-0.410653953289149
0.530411565824449
0.646520116993078
0.374569558565774
-1.21844354508425
-0.48725833312215
0.675051305251728
2.2069487495969
0.947893100296392
0.085976895963266
0.823171317809001
0.99382344390264
0.614615247989006
1.09832652043665
-1.13844547121872
-2.34050635150588
-0.169905500938599
-0.172280315561298
0.961845840813919
1.69202371806058
0.213247644043269
-0.94433646361172
1.23549355296506
0.809442674379771
0.600789538401484
0.821569309611454
1.46325179570106
0.479357308499244
1.06105468806122
1.48844303158355
0.175661180357248
0.446648761186304
0.421662274204091
0.357315190112054
0.853904456241693
0.572680092830184
-0.0391742772712432
-0.690890062994054
1.37520276437362
1.00817495168991
-0.566495452366548
-0.876671816907277
0.758287564786514
1.47824261367682
-0.158624049993139
0.392166590339275
-0.553757789447639
-0.848677667901896
-0.842282856955487
-0.741781902481858
-0.625489624954585
0.0771275250251296
-0.12635517357176
-0.426623916368705
0.0564484487530204
-1.05853291086063
1.26277993546592
-0.342417539148829
-1.4433868810501
-0.478505870695754
0.532421308917584
2.32895345763236
-0.266124011388779
-1.36065197622343
0.224560469347694
-0.440170831656688
-1.05675082007899
0.306479909022222
0.901125253817206
-0.163463676212188
-0.0278892503578406
-1.14842273663905
-0.405397616657028
-0.415123899075447
-0.132267882840644
0.721980575081217
-0.0175445415516487
0.250234530467608
-0.0545020257387172
0.00671304864204284
-1.13654869537859
-0.722569063375077
0.208887762500914
0.670685970294976
-1.84458292524056
0.653250387924836
0.86664166306313
0.69293445820628
-0.344521099771878
1.23423109772592
-1.36822517145463
-2.14115604346396
-0.249042732722049
-0.771645503174787
0.846438669389148
-0.139495575862991
-2.17255018625191
0.886646098463922
1.349098171539
-3.46591674718389
0.836571620145635
-0.282866824865284
-0.303819202664539
0.196567939051095
-1.46324206490885
-1.1993711342351
0.865274165206637
-2.58676582396294
-1.91100081298631
0.464051265072681
-0.671271647308201
-0.779466477809423
-0.57193542123594
0.0622858816727541
-1.99470009686806
1.61874197501783
-1.23911932650359
0.497511008211726
-1.79948083252928
-3.0603978196315
-0.831802930196086
2.08464305938624
-1.84374260914572
-0.461253342609068
-1.25398027937535
-1.20684970877073
-1.09589549355877
-0.521393260774456
-1.52502845392081
-1.52308120281241
0.0975241894924432
-0.766656638776275
0.705346214071052
0.255572922904335
0.694162406469938
-2.08236513933165
0.281765542988126
0.463186442038245
-0.946780192891526
-1.2792999847948
-0.267277718491812
1.73985394772374
0.151979556439958
-1.30816417511624
0.355441641340918
-1.50247089356779
1.22342888420758
0.246372302808391
1.14027209674546
1.16137800653942
0.213290083420503
0.0091484019479117
0.10156725968368
0.385665626082053
-0.546994478069651
0.790992410151064
-1.75136799971104
1.13027208089163
1.04130485215666
-0.0386243048784828
0.0861421462689593
-0.814447570966329
0.517966775092091
0.797183112455117
-0.954778208143649
-1.66123772394553
0.150670894861252
-0.124677505449291
0.161664815228377
-0.114961262957578
-0.108846710203281
0.0816239195679588
-0.347971808168354
1.10790693995494
-0.307463155692659
0.768264335549949
0.48296083269429
-0.690781325088411
-0.122277288012498
-0.0267990826293889
0.582467078922528
0.855364580371276
1.52243757336009
-0.422011407518924
1.01755636324007
0.372664945211716
0.339372203307426
-1.08523195706782
0.940420483311864
-0.564109415911553
-0.198558760058155
0.490495281236389
0.353946451529063
0.287109786599802
-1.27388540294602
-1.04413757804068
1.09028193937362
-0.214152477580406
-1.20451884763991
-0.429433724048241
-1.71675389718976
1.1130041828608
-0.360614713673809
0.0515391456261574
-0.718821504194693
0.495692786061863
1.07603988225482
0.229359570493985
0.309225440392409
-0.0127966184788504
0.135220822914227
-0.999786481339118
0.0846561075774471
0.257302515762003
0.710479859615356
0.68693006948085
0.860548295741489
0.100125555068962
1.25889779098269
-0.0406903739650193
-0.28622024644836
0.565378513124074
0.0921197373580089
0.0105180712006061
0.835965154975231
0.131010260815057
0.499793304406554
0.468199296850342
0.225871626099451
-0.0828065900310928
0.0974181258953865
0.0252405528749214
-0.500529559454289
0.522393883291066
0.353891799663126
0.585505621684991
0.158278049181098
0.175968875405101
1.02738922749571
0.300584503868774
-0.393017369153561
0.791707043085603
0.0934519433857947
-0.0268258341527433
-0.212522435616194
0.23912117666413
0.294060404047684
1.0494932876037
-0.506035294101379
-0.364000211330245
0.139425202635281
0.993230542993658
0.381242057837034
-0.193634168146314
0.0347112892249679
-0.18500965993907
0.339916145814304
-0.0309339369279901
-0.436972281872219
0.322438853231545
0.137250673436563
1.25302371327506
0.556478676490597
-0.351687553574349
0.136352067602005
-0.0112757959771598
-1.09453182724389
-0.596839462862645
0.211376189724202
0.528857208854608
0.496743209531422
-0.949837544610296
-0.736747625720068
0.0915285400689823
0.754527234777605
-1.1175695000575
0.174353826028864
0.191748660510164
0.162403618315749
0.407591096719459
-0.868394877074025
-0.486909592148767
-0.127400689833119
-0.613475535678268
-0.930398551883088
0.542210891806199
0.0688477067132829
-0.164168441345066
-0.399259825294831
0.559723780693583
-0.110036230480003
-1.05555250896603
-0.278214949780583
-0.867838208358797
0.111236495406288
0.20079215772995
-0.0904321078578666
0.964971122830278
0.663251920630977
0.219675688894199
0.445375538107148
-0.311002405220977
0.392038971852817
-0.65265904062859
0.136290083172043
0.304166836185205
0.0211411878155713
-2.36581156387502
-1.03283654199845
0.879609876155893
0.480686433031587
0.800190316093045
-0.656742266165726
-0.887782500744408
-0.029658273318507
1.88919621957206
-1.57105220001396
0.343405032339542
-0.846780298828737
-1.91591672613413
0.383652039566926
0.412273864107182
0.469948715476028
-0.965211842283712
0.302954956915281
-0.82910497845549
0.146024142041102
0.121747215729701
-0.885117352281795
0.1595927335587
-0.73316020425627
-0.897606349505272
-0.899505889335729
0.751629381125358
-0.17878076711075
-0.393175413502781
0.994075302550259
0.527010357430042
-0.993855623252414
0.902474744988292
-0.915120468004105
-0.426511014157583
0.0910860225590218
-1.60123697873332
0.276121288325858
-0.525733828277595
-0.361552361597698
0.636729294554433
2.12503812371986
-0.344081032023036
2.01092663063624
-0.643214025707342
1.11965778513001
-1.1826761223284
-0.275450851595567
0.477713092055308
-1.41652633468787
1.79068934612984
1.4864467699218
-0.62945418315486
0.420926595697677
0.206936636793693
0.889979489742354
1.02709220706455
0.19557981497209
-1.2790257993713
0.118842326157258
-0.227926957866495
0.775247534343207
0.442869084358709
1.35757457588801
-1.50290065876053
0.737077134205616
0.481867808799045
0.353452184097897
0.256059926161457
-0.026544191053569
-0.175708887699
0.238361489915099
0.957790254371591
0.725618144180965
1.24398786412009
-0.143170262799364
-1.06929159672181
-0.51288600457328
1.8811024490596
0.353561250377214
-0.312608474084372
0.653525672532696
0.266050940400648
0.233310621700931
-0.780880787065214
0.279707568893709
0.760959477321743
0.205803040592737
0.0459263640914534
0.386111918806952
0.0267979615475828
-0.210476630857593
-0.0297658446158587
-1.22060278558475
0.250719911412347
0.408700844497871
-1.13719400369597
0.103194762095854
-0.863529269475331
2.18611201939021
-0.680930388932761
-1.35705111008402
1.18589393754142
-0.708511730508895
1.18494595850917
0.711294012390665
-1.85580016138836
0.439543094179538
1.56001864385417
-0.273065809347616
-0.117036532934176
0.764291493033576
0.472959940959188
0.0475043382792589
-1.32865438321013
-0.0420719047410213
-0.181900615577267
0.557464565726664
-0.122383660413259
0.100188273327563
0.417712177726548
0.580303089299346
-0.564892952995692
-0.507734121852072
-0.192520539273079
-0.895329768211896
0.518543201318516
-1.09774763963683
-0.164870592401885
-0.420057266133781
0.941359847439075
-1.51472414545375
0.586988058650834
0.0103191886937105
0.406183859318011
0.302529506115444
-0.428088442808672
-0.463907478142615
0.22266395658816
0.954375492686542
1.78167661461283
1.47241312079464
0.0155765805903178
0.266403747314038
-0.23526298966803
-0.184178174338583
0.997437412966547
-0.0557942048415602
0.632865812889978
-0.619074117644309
-0.376883585157239
-0.968982379025895
0.433610431060398
-0.378201982435861
1.0921094394078
1.46680722032346
-1.82992367330934
0.42671609514462
0.763394841370326
0.027329061573928
0.565683790289838
-0.114759565712408
-0.425271428587254
0.380827565745918
-0.499440024630926
-0.262446884093943
-1.58836062422112
1.36989584827474
-0.130089706881797
0.884682454444087
-0.62029750543159
0.060215976301076
0.577434699583127
-0.774819307657443
-0.542701685748691
-1.26364513280873
1.20896111092392
-0.728171030325285
-0.300974163485696
1.07198799182203
0.469902789668752
0.0936781520984028
0.941183159745014
-0.579937522084681
-0.460027455312469
0.221650615765068
-0.651704941010405
0.370897009063264
0.107043671607834
-0.822700994451688
0.957465762219284
1.47757641894636
-0.632020440668764
0.973946125393166
-0.68055928502091
1.56830563554353
0.450083319300233
-0.23367865996239
1.24061916718298
-0.604273606801081
0.159213335445709
-0.763343391354734
-0.0872554330350503
0.700277021422859
0.112275104250573
-1.1889539994528
0.320536318125192
-0.164382728259943
-0.336139049670431
-0.734797255725525
-1.45954092907081
1.11343173369749
-0.0825150627382989
1.1200360910245
-1.45934415704165
1.20261246615431
-0.139884809030115
-0.430851661384786
0.152669273948471
-0.19641039628119
0.241395216675929
0.241548728328309
1.20729309767226
-0.673632539343259
-0.522265913782577
0.555176988382277
-0.511820243789372
-1.41695374111978
0.793499449940944
0.650560522027881
0.387050202971981
-0.109738815470472
0.778789305544898
-0.190722328269551
-1.83916991599777
-0.177159454984726
-1.56223172431752
-0.767360364452093
-0.0742751239599234
-0.894974428663346
0.493580226781419
-0.40447098127788
-1.68252933403299
0.0523379847624993
0.0894047159363123
-1.8729332876231
-0.621107457156971
-0.86580160666041
-0.919345586437142
2.18355358761707
-0.601048137785899
0.550723016158566
-0.371977679963323
-0.426467221272337
-0.341026290339588
-0.330824276464221
-0.423914643402849
-0.391102930775631
0.0735646209678762
0.0991755174218199
0.174163347218499
0.0504579066405667
-0.503679746922266
-0.305956881133127
0.128224620134853
-0.552443988652878
0.889480494154076
-1.03721587904677
0.0708038319355803
0.381924908080149
-1.07674621592211
-1.60279666951634
0.535087608211224
0.230357113954689
-0.664715942828744
-0.170960507600002
0.0650849498647362
-0.110700613111141
-0.141758056249599
-0.70667860973786
0.0637749796527724
1.04213678059802
0.250844119415745
0.381971751237212
-0.425705414040326
0.0474747029032759
0.458111649451487
0.0829032483509618
-0.628919245934136
-0.66462313253514
0.603790684188911
-0.161669358572214
0.0894633916494649
-0.0424486384106063
0.0447123934414368
-0.391517098788322
-0.380629531208655
-0.666323753917197
-0.149101757854629
-0.417113489579401
0.0819907147112396
-0.128379728636802
-0.740151377165737
0.364670709289507
0.465462660792244
-0.880157259574741
0.564260753355924
-0.0499698150176521
-0.870708753388177
-0.753470339434253
0.5995777540028
0.636848592403135
0.302866418524808
-0.285066418283461
-1.10492186424668
0.100591948733194
0.0541999625428753
0.742918853043352
0.223677598071299
0.88589824282439
0.394599563171978
-0.0268260863893121
0.763852304975539
-1.24730916221086
-0.61702846422021
-0.290058152389311
-0.445494477376115
-0.483025468546959
0.447878303822486
-0.176513533624835
0.243660586520756
-0.13991293434688
0.355655785549407
-1.04456882020039
-1.8037817033535
-1.10293894360103
-0.215485538806023
1.10414268645298
0.186673596595019
-0.688516888677331
-0.442755241561133
-0.283175741870306
0.0101823220485508
1.45710321127031
-1.21579245902667
-0.810528750488895
-1.28835215622601
0.239500958570715
-0.168842972257638
0.00356342472266209
-0.0815079923850597
-0.295524087799678
0.355016474961169
-0.20311006398921
-0.894843543363923
0.95591446754525
-1.49934039611444
-0.551409549660946
1.21699431756853
0.62167610245495
1.02401159797729
-0.657969968569794
0.531943286532813
-0.0971165654169194
2.9812411792553
-0.722104877668027
1.12251412673061
-0.246255903988434
0.0628387413001938
-0.636224954350976
-0.124061049756055
-0.727841165546448
-2.07993849589138
1.4763718298788
0.768386603318495
-0.159667107677008
0.111534695029364
2.14087572130241
-1.15608173143827
-0.991993078113428
-0.231138396489224
1.2937548777334
-1.35205218316886
0.301970692281094
2.06147869531707
0.121590602180123
-0.157321611851226
-0.973503907700933
1.49067308457387
2.36649675721234
0.329693965031854
-0.253454684208175
2.63188384243612
-1.69673232675918
0.305034801356331
1.07795496387337
1.02494590091468
2.19964939969127
0.654489637007433
-3.0789856098243
-0.636974340668384
1.18020405236651
0.0581321158600718
0.131181290107298
-0.158291080056904
0.613805749697905
-0.266244739033368
-0.299488872483403
0.122085806616331
0.47076722117673
0.543754044564437
-0.978744406539424
-0.244200116537099
-0.816903152415605
1.0728056075085
-0.346076956975293
0.799193156948877
-0.155465439000824
-0.333077032265639
-0.312886966991987
-0.3640582838315
-0.156614479262146
-0.74198913671704
0.638457849862872
0.382710958502953
0.585717745404204
0.532739369816463
1.81732235451761
0.29916267697804
0.936959518404878
0.701422406816995
-0.0357224020189116
-0.690817238014253
1.25925231877471
0.966431031768153
0.926612923617207
0.398582696876365
-0.0976426193624756
0.176303441393414
0.914291294579171
-0.360283789557514
-0.273723855180671
1.70778505071021
-0.892415400288958
0.246127553223191
0.695507796624031
0.347479320538656
1.78604336326221
0.0845531668396634
-0.98861992379649
0.611986754123152
0.574373275482734
0.00750138987488369
0.62439637737296
-0.549061656538244
0.457725819943654
-0.137026532818519
-0.429021531603907
-0.556445179876648
1.01492351744007
-1.17770083812084
1.06199337624744
0.80021093361236
0.602682518994933
0.137177540365065
-0.721726690070652
-0.0691054406398653
-0.288457316559736
-0.267203165819376
0.564777878462763
0.151720978422445
0.41537860213645
-0.0387629027968701
0.498528481772191
1.5808350152744
1.04755509342267
0.0542793721796632
0.0202268995961293
0.458715879473358
0.291191656504303
-0.807554913276828
-0.336190987326156
-0.934410465686478
0.45489015856738
0.262405471532395
0.332080501714409
0.901569903657612
-0.478351990995642
0.389496200077398
-0.28259520831462
-1.56431173251309
-0.265054571520415
1.12285880903572
-1.1405992271767
0.338450029301551
0.220663935003577
-0.672143051237826
1.19299209825536
-0.335268338853942
0.0253053218185731
-0.124597689717672
0.816018208495985
0.226539711648877
0.286929920913494
0.4209536739405
0.592167992259664
0.256267580576549
0.431761182787061
1.13273529370912
0.580144182623181
0.0831146889445255
-0.603937996371323
-0.891449206595611
-0.506031572755522
0.460705517756077
-0.25995408551022
0.202939347288854
-0.202779285276883
-0.0917677769257316
-0.0298499079935281
0.00288955747595984
-0.303479976425324
-0.886538834317111
0.430739991089778
0.380400045002131
0.1583320295756
-0.00957914221614957
1.25470455140517
0.454548563244302
-0.0207510644229412
-0.480870973306452
-1.20126182292108
-0.683557152630459
-0.280032132366863
1.6290661208653
0.598373369322709
0.808985084042341
-0.562896940069714
0.920937412586566
1.16612050585118
-0.524629751344036
-0.518846094304032
1.54353694748743
-1.31602752254703
0.48202142058807
0.320230608713769
0.786891209193494
-0.204122914136406
-0.156276512792703
-0.763069277698647
-1.40619821119471
0.63662275493255
0.0867493788581543
-0.529218108671009
-3.00895364924722
-1.79875368417154
2.53683867530315
-1.64167566661989
0.680606039895702
0.759924434496578
1.67200504389896
-1.64634710785612
-1.2295864773275
-0.887950117038309
2.07514618090037
-0.512223539234107
0.441096815021776
0.00219719077439413
0.0247487150023662
-0.635380782139979
-0.546754009341811
0.559931410421148
-0.465697951097502
0.954409130112945
1.67335881650151
0.146151724958205
0.351781747687472
1.3549179573527
-0.242803423194308
-0.418716891219005
-0.769462945741092
1.05874113130635
-1.85736332695075
0.799395331760134
2.95254688463945
-0.0816359948622425
1.38003728326882
-0.927389047580072
-0.772680318902612
1.44491630957545
-0.45807339450087
0.15686137287854
1.29956169389813
-0.586020613638999
-0.295182326679521
1.24817131707894
0.0717240543834607
0.955317084649689
0.840651344245074
-1.25262282790408
0.431726303398198
0.159359140857409
-0.600664437617307
-0.115656052579346
0.270444921375503
-0.751832545318954
0.365700673881092
-0.307000029633137
-0.91771742147904
-0.0208673133255227
0.591632018146934
0.0071178899664935
-0.407234070244903
0.481629261764525
-0.751544396630188
0.285661092713104
0.194338047969801
-0.0809217843487104
0.667426090795045
0.067459816045709
-0.1301100505462
-0.0652079308647601
0.190641103586223
-0.143212922742514
0.407064147510599
-0.419162798587749
0.0184630321863679
-0.711409305884393
-0.992699129728274
0.395204218215744
0.641125915559656
0.146475873649421
-0.442476312480839
-0.261904780551916
0.074232905377443
-0.52614605141833
0.921479439831156
0.40524659053598
-0.76623483150357
-0.747705696666249
-0.525958699152873
0.761469422732206
-0.15082675741056
0.0523750093925212
0.169619172060031
0.149983406156674
0.115268801024962
0.877481280050384
0.400504147986872
-0.091566090207668
-0.0603443652797605
0.0362410232331513
1.42805478162197
-0.634861775991465
0.636047463135196
1.62703330025437
-1.44771114188721
1.00822901791047
0.78800492231295
-0.932644434653023
-0.412325948340388
0.621574235362498
0.307671312931362
0.14874082130143
0.875727073993628
-0.610706855789246
-0.221975459529087
-0.405181843227841
-0.697962308518154
-0.37792057970884
-0.649543182300017
-0.193776995423351
0.260280577106055
1.23499674367644
0.111523157660972
-0.559555220249184
0.583659256511223
1.22130090746615
0.441327602848885
0.416342815854284
-0.0991957677543563
-0.891478088203714
0.495639996743699
-0.0576264120216953
0.712422367165227
2.24155764835892
-0.473700249906916
0.748209043121571
-0.54429645532274
0.482210087286493
0.527501219250277
1.71701990874871
0.265279541721581
0.429833728766587
0.049205864853143
0.729414657721061
0.613836811993933
0.224688502269749
0.680688458257126
-0.446157408482047
-2.7065364564847
-1.63324918314989
0.960105976123734
-1.37235835800945
1.58522449377608
0.476892175230058
-1.26857980450654
0.457278934563829
2.65340371468859
-0.0638722520265791
0.176677843096128
-0.817270204259459
-1.63564927736625
-0.846332533580787
0.743916171087274
0.256663791605928
-2.18526035816886
0.854287266676775
-0.334802882559594
0.491330199421524
0.313925581556869
0.000329050953806448
0.0462219429155748
-0.426712535253997
-1.63729575578758
-0.744616345943022
0.620030968424981
-1.41792152810412
0.278949521453099
-0.774773219200252
1.16146312153982
-0.544691213179869
1.14089264733565
-1.79676252913612
-1.4096532148425
-1.78039511839978
-1.62330751081839
1.10394019197283
-0.234601536581202
-0.408431822127445
1.7808597109044
3.93593913677221
-2.0197897400182
1.81104611574284
-0.466821145943281
-0.0741209613644725
0.736545743011192
0.612211032014149
0.837191315571708
-1.17869156840149
-1.093375084284
0.324433588976317
-0.185547361146458
-1.54200445755072
0.945539642993369
-0.489604565589369
-0.617013826346417
0.302861395691189
0.779908909919087
-0.477634922002472
0.0693005164138919
-0.349562971855566
-0.44807330440593
0.327482891441641
0.0695608116124087
-0.619243820824986
0.445018636184131
0.0391118660716877
0.80453852408099
0.336268170463906
-0.380599500867584
-0.620906712785975
0.722788636757384
-0.47808584569506
-0.68683470780167
-0.182030571040547
-0.468314794957694
-0.454241611597669
0.0416629971174532
-0.435220728509787
0.717641181083345
-0.14856711039732
0.283826265439006
-0.749889373707072
-0.340519697013496
-0.821529100689149
-1.51937199165497
0.630012706933158
-0.912047318110653
-0.317671176418073
0.510762411955911
0.65004845245027
-0.911955094541392
1.6111806682787
-0.0365318147699951
0.640202886560069
-0.560092388741191
-0.625445020007278
-0.323426618292169
-0.0835201069263719
0.263654049203394
0.527367563141358
-0.325369971515698
0.38944927254907
-0.15767700488855
-0.749940349282994
0.817548676051289
-1.89877477318326
-0.210967272338691
0.702767606283593
0.11106833009543
0.546507135241464
0.347479262683523
0.144401380349241
0.528476091457881
0.198377642558463
0.715247746879405
-0.634966364056606
0.567390714344473
-0.56544466449378
-0.685957214165904
-0.460791907850287
0.513173030131835
0.767219749537296
0.578105062040447
1.18176803820669
-0.0936979523424476
0.91925177020004
0.188259424698541
-1.1112264753099
0.59442612522221
0.0693633950557624
-0.042240384547242
-0.432212411440636
0.0402917321246872
-0.938538850964371
0.10655078773437
0.195037268866239
-0.642190061184924
-0.116846385968415
0.274747961453757
0.0267157561179896
0.352947427611004
0.398164762022662
0.517946156279845
-0.412926779056467
-0.347778983437289
-0.623823635937747
-1.15588446982511
0.71167606562128
0.122336416521171
-0.316533376595118
1.20037924356099
0.864429945968885
0.522390542950421
0.279685211446001
-1.8959483877951
0.647771997302511
-0.0676653009908779
-0.142369838976734
1.15949892939639
0.597745584341697
0.193135401485121
0.26654906559503
-0.260703484439939
-0.284157417664642
-1.04910346699279
0.918335994334857
-0.331081367398199
-0.397163045503846
0.585016354686013
-0.171342707492654
0.440029972204136
-0.835265760574627
-1.53993935271927
-1.00181331645758
0.677131454758151
-0.647131472845712
-0.516077466256907
0.328602542268266
1.07909369671132
-0.1961430681787
1.23595926357761
-0.777908697142001
0.0513510898820252
-0.000137820116529566
-1.28838058595077
0.452737082032557
0.284248637874314
-1.0288375416653
-0.322656679152192
0.97429406092325
0.295613416630502
1.29587814440305
-0.620423163314746
0.964265009520344
0.443681340159648
-0.874688918808711
1.19806086044697
-0.450655202163487
0.522150604189395
-0.0427383343827061
0.00297314825889571
-0.317422534011075
0.223970591764703
0.0619824039974881
1.22954589153591
-0.810018278202964
0.255085355849619
-0.40291422054917
-0.462841979690212
0.0621203964593137
0.276255639240371
0.280701491755046
0.734386851643352
-0.753350067391497
0.0718474917786427
0.0256197061514944
-0.792172909541159
0.544888324789093
0.268596864318676
-0.0703614135017089
0.132734130129328
-0.660868740967032
-0.552877786442268
-0.0899934096043921
0.284432551883892
-0.582783926745668
-0.11006059510818
0.0760643642464202
-0.911717098295712
-0.769406239881624
0.268977625829498
-0.189933169953339
-1.10676422013395
-0.849891766912432
-0.266343402664848
0.53198106449864
0.45286843333808
-0.822351024826985
-0.988018401467529
-0.533558014170537
0.112547377822269
0.32377935672902
-0.181389605894527
0.211437934439317
-0.149063550505064
0.178745265532848
0.172564587088129
0.105130052058106
-0.145215587025428
-0.414185334455565
-0.176470938038808
0.211503146891649
0.315270486336617
0.775265214865448
-0.263467713722252
0.0300964747300709
0.761686391385602
-0.51054683831568
0.504926635486847
-1.0013341375803
0.0975414744377346
0.0110380265253198
0.514357067637564
0.153585587811448
-0.101476316279636
0.662481898223021
0.454122336957781
-0.118375227120874
-0.598747144693896
-0.673583102446552
0.136302680274441
-0.0538688461053818
-0.749070086959826
-0.437732215286047
1.06290082323817
-0.119890281642683
-0.463761494348731
-0.0789855485178714
0.386571937692975
0.137330903858127
-0.248125968097691
0.392726093340067
0.857466791978366
0.124695399992267
-0.299541855387353
-0.565333404783578
1.06975538520187
0.461581619154444
0.70550864158453
0.544817186813146
-0.581255780267402
-0.0543966459847081
1.03444634194169
-0.546478702037974
1.32873097102981
0.77309426012125
0.0542221290923558
0.0713613812781156
-0.489010424633957
0.539897962428503
0.657594525826425
-0.737674507416889
-0.583195459854843
0.571457796383999
0.303168373780221
-0.395599896170794
0.25819994497201
-0.177583441548754
0.984775242173806
-0.616526984925865
-0.878725241380872
-0.83266105893256
1.47126712576167
-0.287199181087842
0.596292326983761
0.449648910385488
-0.00787804940880153
-0.0985471071754702
-0.537287606600363
0.0204453391437343
-1.20606610240088
0.80517057466775
-0.0956004870041866
0.784133823927997
0.0323552717741138
0.992997413286894
0.444404662634127
0.507791542523458
-0.309949725073094
0.171254499768443
0.0603852871060223
0.867218692055855
0.759292295841077
-0.763354115211229
1.06646352348097
-0.126797110015405
-0.255185931898565
0.220836006243758
0.0919449945232877
-0.430548448293795
0.321144654845804
-0.698235263893689
0.872782829851338
-0.0205015353957739
-0.45954351801774
-0.852587038822124
-0.22522038523512
0.524495948959889
0.342543949713475
-0.336135913855647
-0.342699369900693
0.336027229925505
0.254097733248253
-0.333145323734372
0.334530622541471
0.393765604285226
-1.30123234667537
-0.841782785082526
-0.581956327438654
0.518925793874122
0.0637974470215565
0.367053496730686
-1.30749778105758
0.610727937629528
0.0549397382041715
0.670046011865513
1.26711304744259
0.34636098772547
0.458828366447311
0.26364910706019
1.36236115603133
-0.970986818435386
-0.574057985948385
-0.325391789693827
-0.245854681344236
-0.661319539659135
0.125416996320422
0.329723519492542
0.196675847322385
-1.2617538284539
0.106389161170643
0.459985364266324
-1.25483151113631
-0.170330523925939
-1.25242797292618
-0.703975130297723
-0.177274595600378
-0.281121204419514
-0.522531075310987
0.381915436771713
-1.24353910950076
0.901690991094569
0.16644908718923
-0.150678339243504
-0.578084230659007
-1.12720811157371
-0.605615456596569
0.412960517605145
-1.71175401331511
0.848015686970173
-0.503314831082705
-0.848970656253017
-3.06450195213512
-1.97291593790288
3.28819672016945
-2.09477984347017
2.68558190406529
0.0673285604254768
2.20966454491424
-2.78771056463709
-2.54811906241005
-0.811929246517561
4.2985562351202
-0.467503206469502
0.738924268185777
-0.658142945056463
0.0214221853321437
-0.579697175941185
-0.630471991725025
1.13742829271347
-0.448520267021794
1.44086351618213
1.80425687029666
0.600313138536269
-0.698224799040615
2.01947702499522
-0.400258727119806
-0.929200899299145
-1.52837422524694
-0.0156899601225392
-1.72238322869962
1.04866731896976
3.49576765237641
0.378519427674943
2.72644750329552
-0.757604546711648
0.880520454300214
1.33745295623959
0.830816588605507
-0.963447264971608
2.21663083631678
-0.146535209016274
-0.460033930645335
1.37233554481858
0.187205844318126
1.20492509133968
1.51781357271105
-2.67167187229985
-1.10127713058981
0.704420754025089
0.46920611429289
1.94281423954032
0.793562664648484
-0.320052270764883
0.632821578227815
-0.0919654028068918
-0.0978724021637821
-0.80166550384894
-0.604661028682963
0.781796206783031
0.580023265698447
0.122493742631286
-0.725364104554467
0.461308707697264
-0.0376767255857642
-0.988122595559192
0.58727386421933
0.969707410263897
0.898306758983672
1.69204749225935
-0.240127455566893
-2.0073250179039
0.353485825706005
-0.15258662448647
-0.418066900784736
-1.07064703037771
-0.191774832917511
-0.397729624035115
0.505887585528902
0.869043682242479
0.572031418361051
-0.279186698131232
-1.10387233829162
-0.538060433938261
-0.36219382510288
-0.758708968704551
-1.07207641740928
-0.746132628528513
0.384065185130915
-0.564075074821725
0.0701916960853816
-0.188340012333757
-0.735518999165924
0.368599819600483
0.0457130176212278
-0.424149629330382
1.01558683492313
-2.02955596892717
-1.32465219487055
1.94837508514193
-0.842405115627104
2.82936097510135
1.83252924941692
-4.93089108424707
-0.421513080538892
0.389293107984561
1.38262057952496
-2.4771577555148
-3.97752919202447
5.95286172428115
-1.01248810416032
-0.306840347241278
-2.77704855462029
-2.0307733366338
-4.58703271790097
-4.37973267806443
-0.291091766809835
-4.13786325764905
-0.612965429467086
2.67477809677767
-4.84683056841144
-4.91899237854213
0.940796899492813
-1.29122787410292
0.127674491074037
-4.61163434627295
1.29653063391701
0.450277197017365
1.71668006294238
-3.64056338034291
-0.074142690758834
-0.739139659667982
6.64681188473094
2.62246169346824
1.57994647376789
0.885689796972568
-5.98488263542218
-0.12420445043017
1.2284332010033
-7.05905973370204
-2.08087040762816
-1.32282350679038
0.394082887409863
-0.0547470762716115
-0.698383573286326
-2.30305975953315
-1.41681544231088
-9.90486363638965
-0.683142745546834
-0.70408393739642
2.06788478380801
-1.29674361127101
-1.4290167040996
4.23643228980271
-0.85214272184322
-2.55646090210596
0.0947362976111316
-1.25773139469805
1.2715251683236
-4.5894550963288
1.61856362357774
1.31067214435265
4.3518045626624
-1.16873528331549
1.47943432965469
-1.44733654890072
2.45094576207349
0.572689598162628
0.211582755483638
0.691284845339943
0.392844131953843
-1.63895483258199
1.39597353337122
-0.648154562264911
-0.313260605671473
-1.12391204518711
0.572477539155908
-3.75620641163164
-2.34024114619844
2.93960382405214
-0.206742261012394
2.38512771812745
-5.68378737906047
-2.36327819923451
1.0617975254839
-2.03643891424556
-1.79454562639478
0.839917989636387
-4.25289971661142
-2.2451134201454
-1.36440316112241
0.850934221901862
-2.16939003509979
1.20666076406551
-2.38665486371786
-1.15633317955978
2.220804596513
-1.96425677502943
-0.940382562283885
-4.48083368650817
1.10152195789371
-3.48210861159593
-2.91375793241207
0.30533046208823
-2.00914884527866
-0.81610078902409
-0.0626434439405932
1.68602197963483
2.76389567116986
-3.73756263955195
-1.33199198705083
-1.31563217131665
-1.92060399435907
-0.260380473707203
1.53951846846727
1.08095693972899
-2.39760220032991
-2.36937787439999
-0.799703574055766
-0.0382350226165289
-1.80812294407377
1.13016422013588
2.4805419503007
-0.574851613887683
-2.00670097220452
-1.28245773154005
0.727807673278788
-2.5376021356576
-3.74838372812914
-2.30897152570552
0.437418511726437
-3.5936316721317
2.85218010102655
0.474405098930902
1.12283010193641
1.17036982081456
3.26399144064253
-0.419401039574047
0.686766083943499
-2.59734817139594
-0.710196243587078
0.461903870066747
-3.19084168928192
-0.95973367616238
-1.1721498012274
1.35145480958273
-2.27094262823419
3.35299330234935
0.98276050425141
-0.666928847846493
-2.81740947468501
-0.792454225465532
-0.32680890691457
-1.55438369934332
1.69802629269499
0.872854447594032
-0.708860103539782
1.45778166865433
-1.34316549073318
0.621674781000527
-3.78375148280394
-3.45634284464709
-1.96498627874027
0.852442249396152
-2.77188964027793
3.53963957631111
-3.03217153450107
-3.62944332644814
-2.01703380004508
-5.45224842629983
-2.84837399670867
5.18679481209246
-2.7242417483471
-1.16911131825698
-0.68197031384236
2.73524616705455
-4.84857357581958
0.74288348506194
0.713895640726759
-2.29093656113209
-0.258533820560869
-2.1539578005512
1.53137569097304
-1.17717617070266
-1.12888638292918
0.79897623074993
2.44160748363195
-1.05531992507866
0.173044913238452
3.29200338108378
-0.0794543930576985
-1.35588703447969
0.437096019608031
-0.476472346707114
-0.64410580873802
-0.000561330894600569
-2.48121929753807
5.02694532521587
-0.41814256339155
2.05410755625249
-2.48456192649389
2.08997152758265
1.32170685949953
-1.93326207639207
1.44361517180111
0.156583302430521
-2.7409622086338
-3.6049926130292
-1.37303986683593
0.913223956280401
-0.440770228703046
0.363686634637455
-0.306660611284695
0.119979391859845
-3.0749639631973
-1.35023124730247
0.674579844727384
2.83104882218509
1.17084886244517
-0.284000472495988
4.25716953860241
-1.46671513862432
-3.29676760934668
-1.2967210050928
1.6027813134276
1.13738554492806
-1.26104138947598
1.57757789243454
1.12558298960889
0.684996310937628
-0.344028114781164
0.357634277404658
-3.18750420091106
-3.43320305215888
-2.51291475687444
-3.26176942745627
-1.75345341754785
-0.157420379542365
-0.639634763029642
4.15437817670678
1.48793307580789
-1.98031654702125
2.64173431511684
-0.0689188439553373
-1.16438805363995
-2.09808591632766
1.55502181330708
-3.04187527923797
-0.966301364066328
-0.657503936756489
-1.09785757759265
-1.35392858445192
-1.6054423991961
