8
8
1.31264396056796
-1.19626648532645
-0.781705134764755
-0.242555008648778
0.163062964427306
-0.296069960502918
-0.0701467632121524
-0.0621569868397749
0.232457439046664
-0.274573199872083
0.71278272839495
-0.386669956479646
0.162740627680567
-0.213144161379358
0.0309361908350117
-0.469005385816844
0.0127239824311719
0.248119232272474
-0.255580609622947
-0.236045668948029
-0.761211673362679
0.0583453614724061
0.428825435156055
-0.0139563715743821
0.61529189787103
-0.194934670954573
0.0385068588390744
-0.195560177364365
0.0210136601713559
-0.46756049319459
-0.486734765620637
-0.210891356095824
0.345528539644643
1.01692505782994
-0.49472963828229
0.025304415748845
-0.557311940148555
0.655032078527285
0.457912653958629
-0.389617482901555
0.159079792785506
0.261231658327523
0.370833298546739
-0.30132150586036
0.591119723896697
0.220055786781134
0.584216143814882
-0.393178689218616
-0.0422170944358065
-0.0310822645242193
0.105601612993026
0.370855885149856
0.000223307702681356
-0.0607052359344041
-0.230435867251678
0.912555236906467
0.449626403997823
0.0650186875192759
-0.371795290364876
1.11963661839931
-0.414794637128818
0.567530888391334
-0.735252108836394
-0.290874126129798
-0.861266158780113
0.372626647231735
-0.114432552838939
0.198482946163866
0.218063992047146
0.259304701476607
0.0978784712843853
0.101645512031655
-1.33444271255096
-0.646445149156443
-0.536886200661229
-0.370819918623425
-0.0055947345099936
0.240640135689144
-0.314790693545546
-0.738690458827346
-0.665769702781536
0.0376372832039794
-0.821137886306721
0.614535842005906
-0.189525982716059
-0.531451268864454
0.194497942436553
-0.577655116564998
0.19629964432483
0.203135270816957
-0.0617876844380502
-0.278855839981556
-0.133559530536725
-0.146281281412108
0.725910499980864
-0.522088309673627
0.798837658245314
0.538414481199154
-0.105574471391131
0.512931121901467
-0.124654362881856
-0.501994792416967
-1.12385939748533
-0.409140347834522
0.891920835107368
-0.0710070621698398
0.404671526879699
-0.154597396382211
-0.360081070051417
-0.0820079214411019
0.261371335484223
0.147434091518251
-0.00285949733509961
-0.29269226519021
0.414899830514581
0.482032408075426
-0.381689632241334
0.25299315527091
-0.190876250921441
-1.34999117398585
0.604506045656608
-0.576237606176684
-0.1775385632106
0.511681105385171
-0.751051337154487
-0.0187719717412695
-0.432162884899449
0.638701821345922
-0.83165904999528
-0.0144256652012172
-0.672753800537254
0.293337475512889
0.0402136363776459
0.853108867040924
0.568666248465468
-0.342191247175595
1.61615101902109
-0.656658914999399
0.213433605660567
0.136971644471506
-0.0705133988174311
