50
50
0.00878667733754226
0.299842673799089
-0.573380210917859
-0.361827548548524
0.126702413875966
0.384578790350042
-0.737886347651289
0.449309880792073
0.213088729236181
0.475243913383833
-0.299928538999413
0.0790236591553091
0.47315601288049
0.436931078062153
0.718921503522986
0.232536512133021
-1.39906220700267
-0.626893843802321
0.546601986192777
-0.544185667516869
-0.302458330313661
-0.0399837786136815
0.872034763791592
0.45123927148024
-0.457984438302095
0.513141416747608
0.0131111360979972
-0.172347528507758
-0.301911489194228
0.24238453822297
-0.179093988795896
0.556628825672523
0.159107763073139
0.338585510376434
0.648479674272866
0.927652291321732
0.0277766954418068
0.439645583864755
-0.233134651018339
-0.435412394492196
-0.332860945736319
0.181326944192713
-0.160039790858341
0.42585316355876
-0.280473901023793
-0.0291919805615816
0.196545136993298
-0.286042284338003
-1.07417312879458
-0.114377443685925
0.263002144669593
0.417559298101085
0.441515569383236
0.192845669791244
-0.836177478703371
1.10677240087379
0.130867802862718
-0.0529088997694036
0.163716402401954
-0.309637650292846
-0.44559055356268
-0.695152395685814
0.374022231366545
0.387879506623683
-0.0222700693676611
-0.116560942648227
0.0140932446744177
0.25290902490392
-0.364432289420264
0.240401926735692
-0.610961349769485
-0.436322378627734
0.115695061837527
-0.481472402843978
-0.0951574562575088
-0.152215366415752
-0.119066598513444
-0.0314119601847854
0.592665830796092
0.501605016516446
-0.360145098175901
-0.135819085361402
-0.253549409105005
1.08217943943574
0.0548307529222539
0.638588085140582
0.503197770084682
1.38881104893577
0.385235562585367
0.219877566454319
-0.407420896507428
0.0477622456312651
0.325972491132049
0.611946866312327
-0.424851625397579
0.283237827335561
-0.327021026759401
-0.288447157618354
0.569480010897555
0.0791124171558244
-0.410427188710986
-0.495780170386583
1.09633038846477
0.0672416343035169
0.262079847522
0.385900497460279
-0.337159688967411
-0.391807624278446
-0.0362272481679202
-0.314824114957314
-0.67459274669374
-0.255964307276585
0.610695772190356
-0.103743412790813
-0.466029027296234
0.411335592102517
-0.30599286477158
-0.751744810076269
-1.15683662511282
0.179432389675219
0.469556749427285
0.379534519957937
1.15459068730226
-0.387509807647681
0.15666759381215
0.0294498375857555
1.13531649208713
1.02322571334533
-0.57353116823141
0.346017892083036
-0.123983836660885
0.15403959926096
0.610715138744704
-0.426823933435235
-0.157080688136238
-0.706306400589611
-0.198373550316743
0.338209021505275
-1.17154055725328
0.0952684550156042
-0.667296404248133
-0.145866381823605
0.3103610783126
-0.652643328257812
0.180314564173174
0.45132147313062
-0.0810867133188457
0.159058863523849
-0.201089501722304
-0.198186981351176
0.793416663926836
-0.128474663852324
-0.656317218535822
0.108292821117606
-0.11485941935152
0.977769598453459
0.156103750948623
0.35103850880975
-0.403560927669179
0.495360259350834
0.139896505809142
-0.0913407356262897
-0.518743614607928
-0.179459979650015
-0.498757851631263
0.432445202556365
0.177166024138782
-0.372333646719167
-0.437745384787429
-1.27545687148483
0.295094622352242
-0.258113830036312
-0.11177650635321
0.0618253672712787
0.730601556572734
-0.714710669681586
-0.12595366675242
0.671865077569021
0.249376618162713
0.049319022255887
0.966892367012815
-0.611290404524255
0.405824150151767
-0.387688569867556
0.988725008385161
-0.308338588457537
0.374571051582969
-0.305145627613953
0.449644402969728
0.333335181103409
-0.682815636673012
-0.29094510290371
0.404846307987331
0.680909652041673
-0.0313830334888216
0.271481465742659
-1.1132120448138
0.192293420868856
0.60908125235672
-0.342768716568562
-0.836371029966418
0.0511774726660686
0.208708938796809
0.108101393414893
-0.189721173333971
-0.027456862441643
-0.233930412893193
-0.235345606392311
-0.0635514191132013
-0.244024052262013
-0.23834627378704
0.266653309190006
0.297156024592318
0.297091276234013
1.13997415752509
0.316212597734279
1.11347657387573
-0.30098604570923
-0.387208893191651
0.0328269084945913
-0.000952987214080479
-8.63650725705239E-5
-0.146173590190184
-0.609078149587686
0.17877038138462
0.156036399745744
-0.0643857404607016
0.182496190552202
-0.253879465686529
0.276503079821413
-0.965010197563351
-1.05613879758101
0.209250202392915
-1.06211112477671
-0.902914745815187
0.0920574720989044
-0.135586302381409
0.451199944331631
-0.0616151510355274
0.0258175094132633
0.24189692803271
-0.0540587137374943
-0.131050694566234
0.260919661899889
-0.29258584543055
-0.0815433459403986
0.727318988694169
-0.55724001442819
-0.393243759744736
-0.041521220566995
0.473196436668483
-0.191092626766741
0.343216808128209
-0.940019741409301
0.0976680283110826
-0.101208469231548
-0.139087262361394
0.355059577753323
0.0595361986369954
-0.474253032351995
-0.645025813648151
-0.625907192255978
0.886619387864622
0.66660064506909
0.101907376188772
0.0220453739209667
0.955283390067185
-0.274913123609203
-0.0297893848297339
-0.532952559682113
0.794197654896653
0.225056213195282
0.593175251254445
0.85017170088918
-1.63342158952294
0.321457306406885
-0.889956680148648
0.0625317479320474
0.039842112689657
-0.410581615069889
0.372719378523371
0.0384156548373418
0.238696723838444
1.00125208536814
0.744634942740156
0.27302721321387
0.642217150151445
-0.227527584525393
-0.188914220077341
0.0824768558555918
0.458272131138511
0.024395941736017
-0.483912067381553
-0.0648905113665977
-0.193170054069308
-0.98880178840754
-0.471496910705172
0.0172847033528825
0.268410643066331
-0.0288389045732776
0.121449341624959
-0.813668318560744
0.0331774698470213
0.450848988809829
-0.817739818937404
0.477643296311686
1.023690463809
0.509107438157132
0.0471657217088793
0.320628088712411
0.231992161601814
-0.51442873028568
-0.0533863169989852
0.324603338216171
-0.164818593371385
-0.320504778908855
0.734296388806893
-0.261972740724538
-0.413141712586943
-0.0160552676481063
0.045145485559452
0.239404932114458
-0.34131047247341
-0.311683279616063
1.12479867852814
-0.113909191201106
-0.483022630490424
-0.00738237572850848
-1.26695901768687
0.378933132423203
-0.352274376313986
0.140697830792653
-0.700587155384787
0.0222038801784383
-0.540161899444044
-0.383166265212845
-0.395255289457498
-0.122761826789851
0.00521192325323261
-0.211216389140209
-0.290642175401922
-0.392577868407108
0.780911407411591
0.368279212020134
0.774984816497276
-0.352319523792454
-0.29521962712401
0.731546227821914
0.374899848027751
-0.0342396372542648
-0.296361607694703
0.498120465214927
-0.127126862527903
0.111318417895099
-0.134314525696911
0.665589713521443
-0.190076633102269
-0.0236886757009641
-0.552822580441525
0.383744993112635
0.797429237959201
0.300828421382988
0.467389364323931
0.319583034246556
-0.541720682959865
-0.815250118514673
-0.822565763054304
0.0433219485853183
-0.630118775820008
0.59589788084328
-0.712583881465288
-0.303963754607409
-0.12002074852242
-0.147055606480874
-0.105198554618952
0.662438870978516
-0.360906664014209
0.25747047944135
-0.476258778672819
-0.190179561474858
0.388806669012774
0.0909128292645359
-0.253395771996486
-0.545706471677766
0.0520012428637833
0.565991113215026
0.0603934703123125
0.0727383029295773
-0.96285275589825
-0.558512195461472
0.96503149936049
0.57754732970014
-0.341952847840517
-0.203889317377336
-0.879283482367971
0.220952455430258
-0.178446899161526
-0.174974081377841
0.148819403442803
0.184246028029658
0.116931190335965
-0.152340668774436
0.167177586549966
-0.319693117139597
0.511086826902802
0.37898160246733
0.48931733006022
0.0699739350517059
0.473426874580885
-0.262616360733161
-0.531253802800803
0.136944520718923
-0.45856186649987
0.453862975876197
0.650257744283942
0.034974935200626
0.402722523568066
-0.83997771774979
0.23079552357451
-0.611147051469189
-0.481820449054088
0.383881200541128
-0.683562410107526
-0.0959585716234019
0.546321708400857
-0.233796799253472
-0.292094753763876
-0.0804968421497091
-0.128376794860758
-0.23924645124382
0.602420279665432
-0.0127158791360346
-0.207780036638543
0.245577234827298
0.559947911675658
-0.459017844172982
0.571961990330566
0.110037480352557
-0.341463984851297
0.507810547860369
0.492945591676155
0.702057138376939
0.100672026473391
-0.89552772895502
0.323395456845207
0.234893914219126
0.403093343818204
0.437438914398316
-0.827791319882993
0.0688169868955895
-0.626991009284498
0.308581084144111
-0.110277179611868
1.00024110863162
0.151492588598549
-0.393764512070687
-0.29625773205917
-0.940850062084944
-0.70474299216414
0.366424475804676
-0.556635853520156
-0.137006807723953
-0.362521847922753
-0.108148419878721
0.293781018080353
0.462686369420484
0.0870305210085136
0.143322789137595
-0.988878408271582
0.199809570500976
-0.30632679470373
-0.840710511229084
0.121596018146065
0.27234152359084
-0.369720216965058
0.339353302019501
-0.263805845857634
0.230820736810184
0.312415434754356
0.204220243675186
0.109802260512029
0.306179595559489
-0.272169185028141
-0.55147685089495
-0.160679057998761
-0.0340205494629111
-0.492458605792493
-0.0468698601994138
0.0594814889329165
0.124752312744719
-0.325212177994084
-1.04548067808777
0.0381411765414902
0.682953641281772
-0.251041685489942
-0.506015324446639
0.269954711849801
-0.181879852308541
0.109430750028274
0.196788117277744
0.914697557617393
-0.237851942120424
-0.0695687587616554
0.548088769531887
-0.590802213346924
-0.675495956690581
0.258810329058906
-0.603901781963357
-0.0198471321469518
0.546303269233468
-0.150172869940856
-0.0430262899511033
-0.226046853353654
-0.299588803807723
0.573356704248211
0.430535562303393
-0.736592185901595
0.246338146528079
0.364620017194713
-0.167287086629068
0.208241165233855
-0.513555198250452
-0.645716852536826
-0.136590127889272
0.645851293998393
-1.24289826818877
0.502009854184959
0.0313948227735145
0.450164033729477
-0.00403327613150175
-0.0625705792843013
0.145785376829697
0.744634682855993
0.0540615502066263
0.0799390522583374
-0.752047334949018
-0.325298923629133
0.196241591901068
0.108202351273143
-0.0543021984416341
1.02977690500374
-0.262005447881118
0.51109521382742
-0.306569536420704
0.676791815122246
0.877293527179361
-0.777544969969045
0.553492240226674
-0.110669846769154
-0.650840021191162
-0.246285652445946
0.244470034799332
-0.506704282128673
-0.40140420485616
-0.0830395292616631
-0.00866692213699083
-0.583414474009589
-0.162059687556685
-1.41450092126783
-0.503266681508761
-0.143573013429625
0.265172313886427
-0.323940963237973
0.0772179734156053
0.990398403401809
-0.625331980119948
0.665110787304671
0.0366490942877831
-0.660429945817475
-0.383800855631491
0.353015002780783
-0.70830669721943
-0.0993741880215943
0.0928286716682285
-0.425224031176666
-0.996717673636774
-0.306197758801833
0.0132801441112567
0.510343806631375
-0.533294390063109
-0.212003074753132
-0.717179581100567
0.409760793609531
-0.489041426719737
-0.112757845436342
0.253720293625251
0.249036658147632
0.192206697362025
-0.118021634868157
0.558874134849605
0.322656036918884
-0.176141571929861
-0.782470142322801
-0.908055299820918
-0.208594280086077
0.641269841566823
-0.203471347971153
-0.389692837284841
-0.3468428571928
-0.471352997795293
-0.348727127205018
-0.244227663546547
-0.0372972285514874
0.038629340189
0.445073875508716
0.281252749538565
-0.352621322263448
-0.453150564783151
0.884230149953379
-0.456763001343145
0.300261437927597
0.647224997370045
0.155017271624515
0.31214002991821
0.534318317046918
-0.909084434535437
0.0433590142569524
-0.146610993636998
0.420310637839433
0.421879721724246
0.0436396749867305
-0.287207987184657
0.0228714139990645
0.398334699140078
0.215237264772375
0.226202381168301
0.229625026333501
0.327594824421877
0.288075311364761
0.471645451087043
0.549399569221146
0.17413176439695
0.529831221246775
-0.161181803368717
-0.869219056300519
0.641671439221509
0.810167275824666
-0.922463722913213
-0.0205619604629453
0.159911071118763
0.274927941031994
-0.00234955068193258
0.194952182054249
0.578791132056616
0.610475158455263
-0.477435802682071
-0.455877747111688
-0.568887849106637
0.7748911090824
1.31972154376809
-0.382798106523186
0.360159980055805
-0.281071907588881
0.152442321936361
0.689019861037936
-0.0274898961250783
-0.116858192527406
0.355768000621376
-0.206799681155725
0.603116248350529
-0.180050367098583
0.258311529761994
0.234022907475908
-0.598721229557717
-0.508098336232247
0.33716640235618
-0.195268461164175
0.497712269952836
-0.015519573036861
-0.496317693680104
0.56956982916635
0.0443594865147318
-0.960130290014136
0.0533697159285386
0.140230931343017
0.444196586897956
-1.11617192311512
-0.0722408761154928
-0.451254620474486
0.0260056130903569
0.377213476473537
0.506249867169319
-0.25299383757015
0.637124456308035
-0.222214674870814
0.390161623404004
-0.407971128006668
-0.0918005382090912
-0.451364655411747
0.141954535205619
-0.0126967944628818
-0.537581279002965
-0.106470053606702
-0.548374855382077
-0.758441798029958
-0.430731364872754
-0.412384667061204
-0.343061905891065
0.385122215444508
0.220862469586
0.408698406099607
0.256650358314656
-0.250872820642756
0.252539837930004
-0.557373013463541
0.489521097747891
-0.725551839516768
0.729251732904843
0.534745753532962
0.237790142892073
0.303931155702959
-0.442331009478845
-0.132489955918783
0.0941848781674512
-0.609971529670881
-0.135866357637952
-0.486310734759612
-0.352719718550446
0.764156677766299
-0.210771887247062
0.0678327824740966
-0.361463484770246
-0.253923043269507
-0.414709745071044
-0.486386073847625
0.188049538746174
-0.13819603547476
-0.503714738916194
-0.150210024274616
-1.01520313697587
-0.324128480068007
0.134020207194245
0.447351305058961
-0.0974387930154724
0.112525325975643
-0.650424377651116
0.171453559296583
-1.09068004407103
-0.828465196875939
-1.04867942274652
0.480922244647308
-0.320578224685053
0.731067633094203
-0.246636099124666
0.0054675388114146
-0.869846581723381
-0.127501824358932
-0.913436865528155
-0.621654678605741
0.261932441408974
-0.089585559747693
0.185205965863868
0.61098198933662
-0.24330334003253
0.251543119043901
0.265758311228043
-0.662405398066442
-0.606357839834548
0.00843273976616042
0.219885285505445
0.770650055261312
0.430043189126423
-0.79073772589604
-0.276603769386924
-0.00421849830349787
0.645299796690764
-0.245162562647242
-0.638334410640212
0.202023095085749
0.520536747570541
0.0202739238902391
0.138854181603901
0.16511987532162
-0.484635243254751
-0.630479745084152
-1.05323409846936
-0.64964895308268
0.495534285748972
-0.670669643680978
0.390449278856954
0.226121654872368
0.401356665277319
-1.27213115078522
-0.870656966869366
-0.423574848570144
-0.466120781529793
0.421835856856842
0.172361209495599
0.244875011556114
0.673997167116541
0.21461960187785
-0.239658923001985
-0.637579741392668
0.12317380492397
-0.380162090519132
0.507230009843913
0.147299581350514
-0.0238355721306245
-1.03885952490542
-0.28705937641959
0.943794253335465
-0.667841892895995
0.422153247481476
0.314732681274205
0.351296088033076
-0.105259487149327
-0.786717894800798
-0.511074072675305
0.245430885151741
0.41285793353676
-0.498951660284005
-0.120298206451268
-0.174237841310977
-0.296727031190206
-0.314650568126738
0.226833345100859
-0.325905877225751
-0.230581937196831
-0.0791882878146129
-0.1762820062596
-0.0389567690994894
-0.285347234134407
-0.111488766849571
-0.39914361999532
-0.0257795495985845
-0.709724394110385
0.163622890105406
-0.275950734402187
1.23609982933033
-0.307177334133093
-0.00624502422972179
0.378084400069509
0.63650314175417
-0.422606772916508
-0.944376964664115
0.338227433048282
-0.0828412555168635
-0.317662144274316
-0.0706698233002683
-0.802326800372983
-0.0998706098914575
0.0591362405491609
0.442966030286519
0.27115978188818
0.0755183267849078
0.582256719985029
-0.532339445329886
0.0837308176034029
0.904100018131549
-0.671656481990684
-0.449857172989742
-0.368463913354145
-0.533820071465095
-0.306830344769218
0.184376757499577
-0.0571558577186704
0.523017014084763
-0.848001734439694
-0.379734322795151
-0.0671542763623477
-0.0196395234111586
-0.242779386361455
-0.353700243802852
0.380751919369724
0.134606293476649
-0.752595245412221
-0.0981950933456665
0.299779885307832
-0.281624134869113
0.0837802456242957
0.128698351844555
-0.298430587891828
0.724360177175502
-0.866472948057993
-0.670715373225035
0.20907252688122
-0.856506093449073
0.284359949854891
-0.546014340440499
0.279764584147692
0.00411057059262193
-0.214151369616076
-0.326230619004341
0.136785061994237
-0.690704851567702
-0.128200817426982
-0.369087811215944
-0.170106634785408
0.13843559944541
-0.485758796005949
0.824556653557546
-0.411176661861101
-0.31673073393551
0.0260429417476132
0.603754457892734
-0.243480797793775
-0.154124105171181
0.397807093074777
-0.125570534540726
0.677448271645495
0.178970701788374
-0.369949326210379
-0.0154232033600283
0.252415952463374
-0.0253854882900255
-0.62447414603071
-0.811373686871691
0.404064541504662
-0.347321603868582
-0.0463117071474167
-0.134120735312628
0.0204885769085923
0.57676022389301
-0.788888042000592
-0.151628015799167
-0.102263609918442
0.214208584811002
-0.275097046647664
-0.334991904985556
-0.452977568626437
0.0533992066183086
0.0794030710118753
-0.573785486217923
0.111520213924819
-0.0117951601331985
-0.422015338069493
-0.94917257280214
-0.428208570295193
0.683334186739317
0.366685872024929
0.291317022930756
0.255879016077706
0.539860671542404
-0.0706476161929172
-0.00142701672101301
-0.372193896777409
-0.0234191911210511
-0.541704555397183
-0.417565916017593
0.27413682217343
0.650788853901768
-1.19826993897257
-0.336938681037867
0.407527798590056
-1.19761570333959
0.355106651937467
-0.00220035495341401
0.572817071601273
-0.411936366926548
0.243692614099206
0.0119846138128134
0.446754693728915
0.0794885307752596
0.354123063191697
-1.16204409467272
-0.259620787195199
0.267809724068655
0.114611600270596
0.880205698086984
0.233706151968734
0.609332183317778
0.319489184509327
-0.798868214009413
0.646562452542546
-0.787549125744379
-0.78985567739379
-1.19429467344981
0.353684775150109
0.625710678598339
0.470238758457866
-0.946862110510503
0.235290649216695
-0.0726796635215975
-0.441806893427864
-0.561132237991282
0.405354390750781
0.315383982027207
0.612052479243466
-0.460044857527457
-0.02460450928252
-0.140506481265705
-0.402428211921468
0.139413549271125
-0.332154019321452
0.0238056541980298
0.659339950113565
-0.088868888645764
0.0731696051395171
0.0557406818917166
-0.642769567349806
0.743098449441829
0.369121569389158
0.649532345514459
-0.290682578251667
0.785552546241445
-1.39587495746033
-0.00945351920323912
-0.844708763344222
0.0180390837963183
0.409917801064694
0.26613982844648
-0.195738033573643
0.805825207367677
0.702348562727516
1.26807487772382
-0.487226194850917
0.173908903458699
-0.132073172319082
-0.222566218507276
-0.117448338554968
-0.283436041119895
-0.289568863062235
0.714302638498309
0.407447490719042
-0.23245685248135
0.801652013009661
0.10104196746697
-0.666871759537338
-0.18411974601474
1.00731604828249
0.083797252851136
-0.46062761353072
0.402887496198315
0.908448942774139
-0.670432186142165
-0.765955649006763
0.207370218681417
-0.0892959059861956
-0.741941709322558
-0.0317649878753432
0.244776201902473
-0.709724653192005
-0.410411922641749
-0.586166486743376
0.0916694881115549
-0.491731977468668
-0.506571424865386
-0.258783853730552
0.317512474492847
-0.714516093204871
0.114324396632466
-0.688073208958273
-0.773944687881571
-0.396822621458349
-0.456122151880041
-1.22244282116367
0.077262209826699
-0.369788614189531
0.081399991660474
0.450092040504422
0.396247336802193
-0.224505489732456
-0.102698040693045
-0.845585257333147
-0.211019115610608
0.227309177131242
-0.306628281616457
-0.740527710391544
0.0145265959801985
-0.189188985060363
0.561227830151823
-0.0203825391624178
-0.0232632087434145
-0.593507055532878
-0.274024660454807
0.783481132521433
0.357441834732117
-0.437469745739679
-1.06358608446881
0.338803313340482
-0.293973724774802
0.817170281365478
0.591137419497243
0.490034577494152
0.727820436338739
-0.540512673759489
0.165384246027111
-0.443127705357989
-0.26842369357161
0.14413229598939
-0.95783515099244
1.19960543721745
-0.275776970765481
0.688062828650672
-0.462974504454552
-0.200614952681895
1.08087662197385
-0.187407077656133
0.819464487881509
-0.052877587102183
1.11045750783557
-0.136465890154463
0.0404043890767801
0.251412575548799
-0.424901997666637
0.472013934700891
-0.0911395678032187
-0.369197165385254
1.06002411204364
0.220872648598246
0.264643634369952
-0.745645445962059
0.315533079053032
0.141534444233335
-0.405784174008712
1.04897369342848
0.03443230760673
0.357490063106444
0.074213529921423
0.242267624420532
1.11771533169865
0.448704871231834
0.271507545319374
0.736920210480252
0.227228150371125
-0.269126160370021
-0.709576248696419
-0.599657207661916
0.598994642918156
0.162225514540937
-0.130205556501353
0.300743973650926
-0.843363184070335
0.0197427057042934
0.592761140133649
-0.0289529095676471
0.0166817785364618
0.376691660984756
0.690963174852737
1.0103234439273
-0.186323710448911
-0.334937192371847
-0.203601979399602
-0.153298405850997
0.293664401940921
0.363196040052832
0.0842010216693426
0.285231458935234
-0.066367042904693
-0.66340348182138
-0.39387360105046
-0.0296704953495382
0.622135498765123
-0.35830030917872
-0.927600736832165
-0.611365188552403
-0.89685257812809
0.312513906409444
-0.0452504492361087
-0.326860004147788
-0.105844885621995
0.434732908718869
-0.846560606494565
0.720367034099951
0.841852942193919
0.342456403520917
0.321910072460599
-0.807029994217697
-0.123051380281457
-0.504842702259369
0.355761647421924
0.249961295678304
0.209741516711288
-0.468973604557356
-0.373941760084663
-0.0461120139650796
-0.097188542911605
0.0930505115429161
-0.17936287882561
-1.02134961461148
-0.854870788186472
-0.503506405427197
0.161677415618713
0.202612719363358
-0.843915246007548
-0.194599857232119
-0.0797727706434351
-0.168636306157923
-0.648608847875916
-0.326246438908041
-0.669512986091729
0.464257685179304
0.130270441917455
-0.534304396675069
0.866871939495087
-1.04584499545221
0.207654662946948
0.863957850083198
-0.107964121524322
0.367132089561689
-0.150675125597233
0.272285962481752
0.137177776513529
0.989035783300325
-0.541999868501048
-0.571923094854708
-0.458563325082352
0.090968911718564
-0.256213034924714
-0.165996373173158
0.534099172520609
-0.938368703777484
-0.280965966876803
-0.2082142940598
-0.724651255555139
0.627954312400134
-0.0595969088673179
0.464606433729707
0.191609146430365
-0.197487003452368
-0.41294914287257
0.0257897931601122
-0.428185321259382
-0.398080441407172
0.582075680682977
-0.811488073197833
-0.208363552006158
-0.00592274547947244
-0.450863887244552
-0.655200615873495
-0.637643297400569
0.717092643660883
0.389693371984816
0.585282174732735
0.216093721200993
0.211533442246241
0.334824808619662
-0.046423153422646
0.792570476036727
0.88177047178387
0.141130331185901
0.11021226457402
-0.374856647204895
0.606709864307471
0.555363706400705
0.209686185396765
-0.587065119435221
0.174067575471271
0.0044212632552044
0.181296697230933
0.39986791997086
-0.216252817205919
-0.205838367538721
-0.840689796208561
0.659406638988178
-0.032983022825225
-0.0453500642731985
0.0298197706836215
0.248919948120759
-0.103403092782315
-0.183302775204676
-0.387913939120476
-0.113797016241169
0.216187055663985
0.426277019677542
-0.123821863730541
-0.666576155298176
0.122535576389871
0.0278969363248351
0.432250035640882
0.332995827567755
1.08214296991248
-0.532634974434837
0.152525912758779
-0.0925096991501497
-0.620623180869736
0.249296594036755
0.283637245077556
-0.0179135725796381
0.536039772534973
0.383790464465797
-0.345923334134786
-0.347242235028254
0.368482426337319
0.401204229101777
0.825902736828672
-0.126294549486474
-0.0972672548690771
-1.20097913145862
-0.000523643131511431
0.360434514579392
-0.536443548585902
-0.466274190515059
-0.923392684486819
-0.662362441460894
-0.41241534271958
0.661971358995105
0.1009817117639
-0.730957001070172
-0.656792921332371
-0.863941610500846
0.354171202661012
-0.409364894894107
-0.220220388519148
0.138515507073012
0.513949567604971
-0.491588071500889
-0.338112095030695
-0.062948443554952
0.348430147982479
-0.378232970836845
0.677060891816697
0.685239348241274
-0.339555222592584
0.677321469277162
0.231052953933933
-0.157955692802369
0.029231829525551
-0.47154744485255
-0.139394445787984
0.00576138403258178
0.744626332246225
-0.558802922476468
-0.0671829330682253
-0.116553943969129
-0.187574684812721
-0.200558758310582
-0.2622637067112
-0.540239371718733
-1.02159819598351
0.582772034133908
0.421761222814434
0.257304461537397
0.248000309473525
0.377516698702015
-0.10794776685193
-0.14284604464266
0.702398196010792
-0.507261563337504
-0.120837259342175
-0.28627701553463
0.646987571338722
0.269478648505077
0.482295871627388
-0.339860009652571
0.294108504421221
0.415165907955682
0.487758884889825
-0.457074278992975
0.0206987466542433
0.362099322493706
-0.519752709886429
0.242024272423739
0.473123750231713
-0.820031584258048
0.128840801187833
-0.123059516720278
-0.556181881173999
0.182246426331135
-0.289120743519731
0.250636721948438
-0.887815932022722
-0.5204798900051
-0.000488793658771407
0.330386214839119
0.3334790917142
-0.35831496848487
-0.0816518275633667
-0.157189371501452
0.467767535265764
0.448651375103756
-0.0679761621944656
-0.0663880382144618
-0.336001355158587
-0.49324894863553
-0.0513332004887242
0.18947154157156
0.115240176024999
0.965207780476268
-0.170667439048169
-0.502059565879047
-0.885067742848441
-0.303146179753849
-0.449861641055696
-0.116834266554285
0.159768397531346
-0.0392898062601208
-0.335734275768754
-0.067867587949749
0.510038682264902
0.690724750804087
0.406556235896001
0.108491417098503
0.708743745432022
0.641451456888227
-0.563329182481102
-0.0554146462656428
-0.265922957981096
-0.242758039114647
0.822608948787386
-0.563345493833307
-0.410427004976572
-0.359568973929373
-1.04146980012811
0.733618323843689
0.367581299761276
0.299129261910788
-0.535688577822345
0.0455000053138662
-0.396441942414244
0.084145365823038
-0.0974111609823032
0.43642519699557
0.308073505362218
0.0550513338135814
-1.16875346083836
-0.146594121564665
-0.438958500999963
0.236720939895505
0.588119940942035
0.790864730268492
0.430729007125983
0.54728876117221
0.779759976617811
-0.195154858202226
-0.221670675580235
-0.575054752407783
0.277771369601959
-0.0573146132303071
0.281626766746656
0.507577770463702
0.311281054679184
0.611337414524191
0.365689450901065
-0.442876782123026
0.137898980249719
0.053613088377515
-0.244208407446452
0.464342033797256
-0.000387085154114499
-0.326074313159384
-0.127645805278263
-0.448061882264235
-0.865908373889934
-0.117516042673574
-0.35091763835454
-0.589157390076803
-0.134092023784302
-0.136324769489941
-1.05208105699521
-0.817525345262686
-0.217699362013405
0.703216841957975
0.0551276850118907
-0.569734913265015
-0.465855277713107
0.622831067173451
-0.517021190813583
-0.304691122623299
-0.673677244318133
0.0815064775220203
-0.190911734215635
0.996490435967276
0.357647288349906
-0.0116080191388715
-0.594494206685322
-0.31600204336322
1.27841603009913
0.565018812531283
0.303473915978928
-0.0674996343725357
-0.218149482190468
0.168925551893842
0.10821494110013
-0.140503276290729
-0.299986550714531
-1.12961573773895
0.0387635053322898
-0.195877640701528
-0.0594553607487853
-0.424021196332634
-0.0412117803991937
1.42109425331327
-0.151377148536611
1.03482057030846
-0.495029047964365
-0.183000851254434
0.24718921362704
-0.203350481854019
-0.836388193594749
0.131355086306527
0.189581265455727
0.469477463525999
0.180636501079457
-0.158866120740384
1.78868147264756
-0.250809563858503
-0.728190897213248
0.532345162031916
0.257909688052807
-0.0894228727466109
0.207370993706863
-0.165622261885469
-0.0389424792574261
-0.0892415298972702
0.502188796461228
-0.487971114772283
-0.161218789980129
-0.114647063721477
0.670827152249943
-0.971724028517211
-0.314060869483636
0.0649122558569556
0.505677242905622
0.0200064496590563
-0.293838704716453
0.366885173143942
0.160064675115556
0.713525230427839
-0.306491453366674
-0.33704124984014
-0.910844695850122
0.0444953046122111
0.985543990954015
-0.215778314237578
-0.583035142255871
0.171876406246655
0.17232165673787
0.734548877503336
-0.200539199624503
-0.19431349839019
0.470010063547274
0.274550798606799
-0.646949825488275
0.170078049036123
0.254895454282754
-0.41367646250247
1.19909028130484
-0.266391582589393
0.782099593346263
0.0754886931588026
-0.701165270591663
0.0416944220034714
-0.787993353346579
0.23027560851659
0.051314079058546
1.15409873527024
-0.765744185581777
0.168629801623009
-0.130781370906628
0.00347373199523459
-0.700765032397855
-0.206386700010707
-0.305092247539242
0.255422948519502
-0.347678249676145
-0.5402401909377
0.631045854936828
-0.230278197208676
0.127350168028731
-0.221418312536835
-0.743980695120999
-0.691848825457663
-0.00896105562831274
0.411955464730115
-0.470482872953762
1.05443938881825
0.379073883264989
-1.18624819429188
-0.628336599198743
-0.226198697978079
-0.0763010496638845
-0.442033270923068
0.998771796083824
0.0779267200496097
-0.204552949867565
0.566200108667245
-0.03050427810513
-0.253145955191731
1.34488658878601
-0.102696996503551
0.0870000948407793
0.446664116735936
-0.00637852762379123
-0.011026338503478
-0.196451539747424
-0.189693675626483
0.119271094169371
-0.60487095269835
-0.0468509429220662
0.696861190748285
-0.442544934436836
-0.0281133352362308
-0.152992498762834
0.766188313883445
0.706468057350317
-1.11230998757006
0.38381609429895
-0.0646517783288793
0.936180888271017
-0.277295784361003
0.130989447972805
-0.271749071417023
0.906194541493894
-0.0738913294018719
-0.345882818586412
-0.122729067768367
-0.119231964790623
-0.342111075498377
0.94043173493503
-0.0907423466545117
0.0981694918289262
-0.377325923533844
0.510649496701644
-0.248529380985716
-0.029540850015582
-0.77713093720026
0.113328810569015
-0.33136678594824
0.677502914309025
0.502021666878562
0.142919175969454
-0.55815509948913
0.231498179743049
0.999034792902317
0.117519299186459
-0.287481714086075
-0.417668080506038
0.871631114869113
-0.375811820863609
-0.418516485420511
-0.160584455865511
0.282149862562669
0.563344279260915
0.0949484678837697
-0.822450405082033
0.168026219084368
-0.919259573339837
0.899861649108585
-0.310849363433378
-0.471066825305897
-0.862350562296443
-0.358108429713406
-0.444876019561187
-0.0318597431265638
0.00943218387078563
0.448595665814532
-0.21716212200255
-0.586144270344097
-0.456278269655
0.762625564189755
-0.520960041735973
-0.458509338485899
0.526649221792001
0.412914366880895
0.253191533934712
0.203083994071077
-0.552083705674042
-0.409852000812045
0.143843690197526
-0.275736674851207
1.18750459574216
0.199416656253548
0.414769023004853
-0.141056189315579
0.772756462267416
0.235227577853887
0.311239754498637
0.451498741202508
0.0505099966672024
-0.0990770331832037
0.249955481567443
0.060978521725074
0.291704193677979
0.436538411265771
0.983236290765586
0.981839676545572
1.6167934216307
-0.577384379563756
0.287085409124353
0.504302623007712
0.715818661653189
0.38063468165631
0.722533015869383
1.20737772241782
0.0697189800026941
1.00698330799462
0.0157143196214999
0.797831023336908
-0.565783751237791
-0.167992266703722
0.528948836322955
0.184167992403619
0.222596858473502
0.216556487912436
0.0525329260189727
0.229307912639528
0.844294084793313
0.305036933332278
0.385419210674696
-0.295338357848823
-0.841903767165216
-0.134295115781871
-0.881995573906701
-0.263940557967574
0.456983362279078
-1.20070918656546
0.61949478685833
0.164103604803001
-0.276916303097906
0.466950091616229
0.316122470037081
0.32150046670329
0.111457306380498
0.569264693179017
1.35559556023115
0.388723931756401
-0.255643309772487
-0.681001450897884
-0.476022525905977
-0.115794674168796
0.109923542460109
0.00493931499648542
-0.325282727858632
0.59483867142349
0.393547324712827
0.196669862662575
-0.877905167138626
-0.285641294441566
0.00192072820529021
-0.65324208640145
0.757234740080079
-0.495159873577903
0.378128207950893
-0.846159615158402
-0.155713071158078
0.111085308018365
0.937985914921612
-0.225618021858912
-0.218699114745082
0.443575422198077
0.132763027638988
0.206401622712529
0.817965469910826
-0.218173328741815
-0.0402303058698002
-0.209500995326747
-0.176068944092647
-0.0852423674139145
0.790340107625054
1.06794969277694
0.349531307527105
0.174901593502073
-0.379171973193058
-0.669748815315611
-0.29169966822622
0.636366564393873
-0.0294822828981032
-0.236578822176223
-0.0814972579255142
-0.420756871679196
-0.456189181091948
0.0115125405289145
0.0291383303777886
0.110364440657389
0.351972630331434
-0.0165414580327363
-0.0687587451525858
0.373403134051078
-0.276891479717133
-0.583369741151543
-0.411920644953837
0.676811181233556
-0.240708151432545
0.287499456453016
0.221435052703334
0.231569362870164
0.189271818059657
0.100277342402121
0.231266296954099
-0.0811935899980104
0.451623333721874
0.67035289251393
-0.251716209142285
-1.37037141547064
-0.983607021064938
-0.932029871673567
-0.743914636882481
-0.56089942389807
-0.563512996832012
0.390471376696331
-1.04428817842612
0.830762118272113
1.00794337198466
0.0503050674518938
-0.0587300292080882
-0.0130204562364707
0.32243912679238
-0.110861973530914
0.318882081687717
0.08335635410151
-0.347969784833737
0.376118592826486
-0.0618150137760438
0.0907299277857726
0.287109542822271
-0.641973965099737
-0.193624611893041
-0.0604784330287047
-0.272705091938354
-0.340934454850192
-0.591785138993609
-0.0695724078059125
0.038684186086544
0.618668737337161
0.231706756930068
-0.0331613272523923
-0.129453719609211
-0.266685011384968
0.049640808787098
0.513488305570619
-0.0851269991719334
0.250621120667452
0.793419281466446
0.391679477824347
0.173877710326068
0.811615342377384
0.033149901970319
0.477649258794396
0.565414926307157
-0.0380918334169873
0.436746420279716
-1.25694052741254
-0.197147369185175
-0.363193300158689
-0.118837604519024
0.284246325837909
0.194642515014058
-0.224974360586099
0.168330595123864
0.227715015941313
0.500233817363519
0.18165224111411
-0.703881785929251
1.09180512763291
-0.924174936525437
0.504497556526485
0.374142083555515
0.159049423090567
0.0871154997867546
-0.153311462655631
0.0733315020946363
0.259475974656625
-0.147620750467537
0.0214858093383124
0.382967714508904
0.244462395193956
0.668982870618151
0.882392653835268
0.5782342123325
0.619252943091419
0.00863337732604311
0.217127407622442
-0.451742787274112
0.162652319963352
-0.216291042702605
-0.153999116568058
-0.200478083277323
-0.41990376171056
0.354222810776552
0.690809362000633
0.366267738112884
0.797035942144969
-0.0439386066640027
0.149688464665707
-0.0701045393151228
-0.557853578089772
0.00220780472699701
0.660901538860651
0.443048957264636
0.511857092080903
-0.308977234471655
0.0241741880060032
-0.377571704157185
-0.0155926053815
0.00559336305333574
0.208335928484314
-0.729366802861467
0.925420846234894
0.172370730879582
-0.704324591507153
-0.897294309915496
0.314318044374579
0.253960870480174
-0.485168912288046
0.211408774547689
-0.291409385019347
0.0268904418425553
0.171482012301604
-0.42512302605636
-0.285957167314577
-0.246293815849312
-0.183273386029147
0.238129124441855
-0.22697965466254
-0.229234777794936
0.184718801241528
-0.641395841653405
-0.457844036032698
1.12491652952025
0.0615070730064304
0.169430205403423
0.209962129383753
0.900711813902104
0.520551545329637
-0.401327935931447
0.83224601960358
-1.20630620525579
0.512170750172058
0.115785076580413
-0.122993055970257
-0.175010046129064
-0.740208916489944
0.807880547675272
-0.193470110850415
0.295287781802792
1.32407978364656
-0.0553660435466474
0.131795578849011
-0.0561052837796359
-0.0904628106328556
0.211470391165454
0.476297266655881
-0.560663571160961
-1.2103983337097
-0.481282134544702
0.0350431173555461
1.00902941749101
-0.0559213293700841
-0.301174121064704
0.59968740951526
-1.43293265289782
0.218018740815893
0.613452013055382
-0.509490870488507
0.166096446668804
0.282037450271316
0.594111855219896
-0.419900042824655
0.509097240966711
0.731186042446229
-0.470415976378744
-0.132372635735702
0.171178324202768
0.0256806919439332
-1.05213089496273
-0.532195425118142
-0.537223275311259
-0.329571837190005
0.15269792326862
-0.325822355296
0.375174360627237
0.0037528833419784
0.0621743792119873
-0.923315877005288
-0.173845333535232
0.303459497441991
-0.176627689670437
-0.848425355624368
0.674107433978587
-0.841825148995644
1.04409482601783
-0.732140918014222
0.232041737501144
0.697664077234641
0.368409841771658
-0.139740393986653
0.697448116291597
-0.333706931139564
-0.13517660996681
0.653273016043797
-0.65591760422157
-0.763258239656036
0.308983704550567
0.213262782900715
0.0201556725482196
-0.71585525401174
-0.181016480304358
-0.395633603318865
-0.0265602140293919
0.146572183219276
-0.420091703695597
-0.41506734914784
0.659269049095562
0.374617264603733
0.13869697295105
-0.208394196289502
0.488827900269936
0.588075993151619
0.324343627315092
0.35603249442891
-0.127374002413481
0.42590725391713
-0.158347398490638
0.333827966330774
-0.279362760494252
-0.682049756485964
-0.662545062075341
-0.116679442998247
-0.113114579264969
0.125500600580517
0.0734460055908424
-0.384837164067339
0.114916683414974
0.753614919885433
0.433731889493016
0.830715513050144
-0.372068690186226
0.352053408737992
-0.389659853626349
-0.288817461444146
0.278741766137374
-0.197119218098125
-0.417348351932339
-0.052909946444065
-0.0550773156840735
-0.110869865717117
0.16867652989567
0.157805926020925
-0.305140255779797
-0.0324857631960508
-0.842579482361221
-0.225199378955193
-0.597479341789476
-0.0832638281099677
-0.0228374487809871
0.00853033186890534
-0.407828328436385
-0.318404728904931
0.675991862322141
0.212491398290364
0.188268453806104
0.305042904835619
-0.0535283662204241
0.771069940808527
0.740875881150893
1.31744782738734
-0.360502999472794
-0.494512440766964
0.164951830009831
-0.159682356006176
-0.282411233684598
-0.229085220101733
-0.127387623443318
0.50975095406739
-0.334108622382618
0.781418505566221
0.0845060625811758
-0.547188881359154
1.0855742918131
0.94197625008491
-0.385772944648451
-0.164362860097179
-0.993774646331001
0.878745514325989
-0.536845108924195
-0.301744663059152
0.726812860251963
0.407466681510678
0.0816939032685218
-0.447451238614997
-0.466554106004714
-0.199921242788423
0.0678178517881123
0.147618587199312
-0.60697988369908
-0.130155586287978
0.330572106548528
-0.978369402113638
-0.0964669799091473
0.131506811666391
0.0575716921666134
0.239423038408698
-0.0578100184571306
0.207052883668592
0.453861065943429
0.129319823995248
-0.493417176468035
-0.129350928827643
0.330020896415406
-0.234311124281295
0.807620556216491
0.386165362994716
-0.433785470028308
0.433189994230706
0.110303658823858
-0.57019453909455
0.36673388098541
-0.0450157163739653
-0.12062119973298
-0.0547517922795179
-0.0867890662143246
-0.476505659627366
0.0571971563032509
0.855440062015501
-0.452879121720132
0.024341195714767
0.312591068345017
-0.0865724991930415
0.74220690906141
-0.429548482754164
0.341168585670171
-0.08287429493209
-0.340176726926762
0.707306373738985
0.374205505251233
0.810654947081178
-0.530512416550707
-0.608144034725843
0.205424349420876
-0.639140256534909
0.247910597734087
-1.40812723600235
0.440455841701221
0.582719385551241
-0.221889227048726
-0.356882979219041
0.297684874828817
0.612189382272743
0.601532515632929
0.348476361832104
0.822478726020002
-0.153274313022504
-0.247919280092556
-0.315337332800629
0.944833888523989
0.497436597585059
0.341882234820733
0.783340834938914
-0.102712907327016
0.226901399143824
-0.263158855104695
-0.0849756700923115
0.49595965327788
-0.59934228008771
-0.474624725978013
-0.567856223425914
-0.415810027909333
0.60843890981656
0.118856516089672
0.319194045566454
0.151084693385068
0.283205225165607
0.836984423764734
-0.539894188976508
-0.539049522233951
1.01460247562521
-0.22437896121806
-0.877643022574648
0.0257645281661715
-0.705093661981576
0.16897565473386
0.616042659296359
0.490077863513927
0.00335457583500972
-0.302102554103569
0.182922009810582
-0.403518848162988
-0.442402029331535
-0.472370548981975
-0.561366016743409
1.20183832154932
-0.433091611817106
-0.24173251170285
-0.417136904811734
-0.840298134963999
-0.366879349714729
0.167778292682778
-0.370158732042187
0.39322996656418
-0.0903371962510771
0.0763734396612475
0.137219079758997
0.609027748713691
-0.14710971645003
0.0976825454816822
0.279126981174827
-0.0620965105406487
-0.00932262742600687
0.235805670529632
0.0799811501963971
0.163807724041289
0.33786605641995
-0.551748855974432
-0.168520180870204
-0.491716014673437
0.635251587999938
-0.610179803566508
0.153939699361664
0.808301645949373
-0.534365606559916
0.38252333027418
0.318677311851482
0.102244789596007
-0.065207132092354
0.593981650160688
-0.345540514520862
-0.348506511320923
0.187658617443232
-0.308452475510517
0.0958053491917267
0.154174404790425
0.328893911770816
-0.411299582149591
0.506815409422868
0.0693216301063846
1.10300771152385
0.154910871880393
-0.294160772549943
0.0104269801633201
-0.00694008854552431
-0.0438176897141178
1.24885795257361
0.536177481271218
0.565996072344146
0.271812280638111
-0.306310383486651
-0.302780446523111
-0.444437771144979
-0.289543475394226
0.506177771433378
0.664926093418728
-0.48780981632918
0.224639282648065
-0.728286743146197
0.665928584769627
-0.975391931896108
-0.140499188381194
0.31545124936402
-0.765131124015355
0.437768253160448
0.82008463856226
-0.0230830877506461
-0.396969117222368
0.0724316555143661
0.0338219645831802
0.782914067999564
-0.20410873121345
0.256647150132414
0.0536411049147411
-0.161774200841921
0.353877687644673
0.0194926623476709
0.3261815163417
0.220023114965624
-0.398284231141957
-0.561122280733495
-0.109678580975327
0.127134404444398
-0.467587142082408
-0.45054759201149
0.593407183684671
-0.212432757578921
0.722337929384097
0.611456456439462
0.103378498086121
0.215402267546914
-0.601506689558272
-0.377698362897942
0.484403597450856
-0.513917542561679
0.0986359810430648
-0.48639508171558
-0.705330913316673
0.303975263876651
-0.58365600615608
-0.279558073737847
0.177888632876607
0.696420531805598
-0.091118800861273
0.248405551636545
0.199432464119997
0.878433274041617
0.691723039260769
-0.278977365949389
0.78705070840959
-0.314479051380054
0.333274081909692
0.552571537491219
-0.311718482892298
-0.0220258851537083
-0.115556854203769
0.0458109058390591
-1.09035221281377
0.56416739637366
0.194805330653778
0.356889536565887
0.952429274402974
-0.738470530241152
0.0185633889066603
-0.402629826959129
0.0728357702856364
-0.155336649894801
-0.213255203067478
-0.000242776821289143
-0.427027150229756
-0.772801552857211
-0.0728193779583421
0.0170383964572565
0.364893429078141
0.210982563572156
-0.236826550873078
-0.618056880971837
-0.307111050884667
1.38395423322681
0.306195420006067
-0.388824788701097
-0.00863564883570009
-0.809453699925769
0.520555836758441
0.388626550794299
-0.439732230856283
-0.517643564038752
0.0976233175639829
-0.163428511454509
0.341606953355638
-0.147338720950926
0.100967673418825
-0.0270741771768332
0.289144279718419
0.257049109880524
-0.701817755274225
0.657822764625274
-0.533295116097933
-0.0640331561031826
0.743268094127646
-0.465991318703403
-0.359528747986254
0.268891960946346
-1.31529537793444
0.328753373086547
0.0647396545829316
0.610678313992969
-1.09236039458862
-0.547976093482288
-0.0819255171766225
-0.458330019922148
1.07754153867262
0.17166999175031
0.727621207315302
0.61319428348988
0.60312705074634
0.46990289616641
-0.666277715040261
-0.160501478229625
0.140488019675554
0.950066893635656
1.39038341402813
-0.200904442629754
-0.926044058334703
0.317586498549983
-0.166814446408035
-0.425748572236251
-0.108550832446544
0.134474220996393
0.458092148855898
0.45461117912473
0.0695536340072026
0.864555801054449
0.578069467190596
-0.407111261564708
-0.385289565142196
-0.0191286069304395
0.102327150286694
0.678188212674
0.625570836277223
-0.427612341802753
-1.31657934653386
-0.165688831297363
-0.584190565624147
0.0757561316108066
1.05957504964697
0.124884743940967
0.713803948273083
-0.710245033832677
0.114191086207514
0.0436777390591116
0.467970355468114
0.687344083646418
0.847816750477711
-0.596133374881277
-0.0166521144174888
-0.3353474086617
0.196529475187747
-0.200095465241932
-0.511402433229951
0.0961922281044206
-0.914936068644446
0.104441874627362
0.301822974388191
0.543682666924194
-0.435666079238235
-0.54964476226846
0.195963019211807
-0.0648341509191977
-0.442971250725204
-0.947759126493496
0.443044845027039
0.415149984556064
-0.155060446090745
0.00682783136526833
-0.140120906499585
0.159434706837527
-0.455097299073883
-0.799323613574677
0.449363966859743
-0.153460329559474
-0.33915489837695
0.456925930584539
-0.252309097881554
-0.102467509630384
-0.818217430963174
-0.276984948840948
-0.51047248454532
-0.0831411943463866
-0.191999520591812
0.337316237202684
-0.330119802294116
-0.314377314145351
-0.0236253122348298
-0.0640304514185933
-0.275278335642056
-0.171312197432946
-0.662222245189966
0.385074198518675
-0.914515981361496
-0.376798282176724
-0.115705068222559
0.948405065718027
-0.964948361154888
-0.0370593093046881
-0.00614099167707726
0.76760410650763
0.386991734560983
-0.517907833668589
0.264632624773825
-0.0196379086710158
-0.19295533707903
0.258985877863551
-0.0426130217720437
-0.335296837788323
0.466343423771743
0.512218431343013
0.0381539597308772
-0.223612823484509
0.327065410810985
0.549460358029735
-0.745759833010623
0.0903955701699015
0.153628834136064
0.106228571057776
0.203839912048552
0.544717553226859
-0.322896838442737
0.266512419663113
-0.393195610403993
0.0176377235603046
-1.1974240922688
0.0633259910780941
-0.0985573958874412
0.921240343498593
0.162639773494297
-1.28092573496918
0.313410967349049
-0.448072012753551
0.0610536616254143
-0.116387697786865
-0.454026774647055
0.0974178943168744
0.031655945324952
-0.677312320920897
0.830200163645225
0.054016374974296
-0.0878105681304775
0.0717002838840007
-0.920871002903149
0.019468210341279
-0.0314669789624283
-0.0200726028091489
0.167023876899135
0.267972837552623
0.12483907748898
-0.423431447767093
-0.103821911048978
-0.753445442902716
0.260510319931669
-0.686295952708105
-0.147424483134481
-0.238272983699026
-0.314625589150299
0.133499967286521
0.494928777261126
0.713836925900139
-0.873713136952356
0.297232525926991
0.109572608170397
1.21637740810006
-0.292845552788333
-0.663174835024669
-0.00326600851607528
-1.22942817252238
-0.149406253607002
-0.409485515535837
0.455313561279554
0.730595464228217
0.81923716304081
0.694719080664177
-0.136713776113248
-0.471629611230049
-0.171937351774755
-0.976744827476455
-0.913388196649311
0.141276820248804
-0.388039504911611
-0.511958921534076
-0.174725094673681
0.634327860934537
-0.613119858675167
0.491420675272633
-0.0344188516325555
-0.223153483464352
1.09685254624125
-0.038092851968065
0.144226738238661
0.937046471782276
-0.00227335870139766
0.28431490263776
0.131545664572307
-0.504291959720557
-0.430125659357344
0.912290966399423
0.843548720902795
-0.975753146326331
0.989868431102727
-0.336050146313659
-0.450413711575392
-0.421787412535012
0.727302634515544
0.723253397728938
0.742128520823568
-0.836653731670652
-0.870855481823123
-0.657689660113825
-0.24644332535197
-0.595849036222195
-1.01421858663177
0.541979594962666
-0.333349723403433
0.686098818609456
-0.876950951586565
0.586765332872614
-0.135150802714791
0.179477355544071
0.226782780330913
0.234632446496885
0.218844445515516
-0.0204745190027298
-0.470670801545764
-0.737600765200375
-0.299982494708723
-0.561131699597022
0.326804949529053
0.242992030660598
0.067933676142673
-0.0184165265220875
-0.100191160185206
-0.958536906895224
-0.500143046852007
-0.471315866002455
-0.0181681513630505
0.250916781369608
0.764902716915374
0.341367954309342
0.667294891186099
0.723397615473481
-0.708739487863701
-0.110038354625704
-0.350241804269257
-0.490003774561984
-0.181339849294365
-0.573650920577827
-0.183211548917674
0.075145053837327
-0.00758971293593901
-0.332917757227093
-0.131293186480288
0.607876540560258
-0.772176223674563
0.61222479150959
-0.570121331712657
-0.365387320910389
0.294871662015823
0.802093165876256
-0.0909024297555983
0.011091144713647
-0.652848095839923
-0.0530852061252088
0.740074901009536
0.651948542688335
-0.451084309801029
-0.664915722042848
0.717870630442425
-0.0219727938406477
-0.183885583142056
0.97390196457976
-0.126702189414916
-0.649199143786788
1.0595436992134
0.393856358085657
-0.371236621354194
-0.862587433038067
-0.834275500899197
0.583782100901851
0.308398062465159
-0.592817508850365
-0.154170246167059
-0.347988591885894
0.343806180990799
-0.017521439829237
1.26803490439365
-0.54453922306948
-0.233939903828686
0.0902350942256467
-0.799689898612731
-0.352763081021665
0.154257328542085
0.0944064806965701
-0.291055633189523
-0.025067488383799
0.509721377456318
-0.117831798337465
-0.553263220388342
-0.0860697844650888
-0.185175018153774
0.18635076381866
0.0253308779919512
-0.354831513789978
-0.354402142333743
-0.14183902794718
0.0791871247438205
0.456129246853888
-0.204995600487187
0.64944072764307
0.192405579219626
-0.323044866235954
0.534767151310446
-0.101222922619621
-0.0302332014048763
0.297566575690912
0.140246900496664
-0.357818781424451
0.205843515711498
0.206355899652393
-0.204279988550685
0.0314579724709128
-0.613277036363016
-0.183167036504425
-0.567003678637663
0.417013258560808
-0.214549004830368
-1.37064977853602
0.0103776269833134
-0.694449927211432
0.249839135041033
-0.0496908426009937
0.783773661165155
-0.125250086559846
-1.29231310232021
0.453119495434175
-0.0969010252958938
-0.227925836822366
-0.162016615095084
-0.247060204265285
0.231337976303117
-0.279739760748483
0.0106662115200081
0.421263353291013
0.220199223586219
-0.389983325003582
-0.531865867992454
0.288494402895947
-0.306354886508054
-0.262108382696552
-0.34127056246926
-0.567033693789836
0.0880118077645684
-0.40020562671762
-0.713241617809064
0.130796130828851
-0.695835059904474
0.197980779937962
-0.572633355989075
-0.185862550649292
-0.538281060975255
-0.325288238118788
-0.255803291154992
0.285062607328329
0.0821767709819662
-0.273478276791519
-0.299726360570505
0.133680059501007
0.168971281462431
0.318242668331569
0.201150260445341
-1.00598377984099
0.934399967059154
0.227839442243413
0.735325441917169
0.0996381273580987
-0.489825733553436
0.702976991229424
0.811344016517802
-0.718686394838759
-0.032091732193004
0.379537667474875
0.362938908673133
-0.200590218053916
-0.222147075898841
-0.0952058447618469
0.375640267513032
-0.365422880625863
-0.0708993692880153
0.122175037642629
-0.81009766036573
1.07464176333571
1.09858955646391
-0.0644705750524647
0.0214365813367654
-0.222760500219277
-0.0105035804930774
0.122483549103045
-0.197902076955514
0.566538573283434
-0.508147143455005
0.778192616224258
0.0468883306191239
-0.0240926192297926
-0.463069108794588
0.432838909963609
0.158096394103435
-0.438074586723392
-0.426649001504836
-0.81937430583486
-0.52471912748618
0.951565952414575
0.286970989777524
-0.389753940332552
0.00227340656332416
-0.0109352829182634
0.604549871033088
-0.350933078604773
0.199003221969438
-0.112240687168037
-0.593323695767671
0.214407258994843
-1.14350419081635
0.900322911053392
-0.0549412596526627
0.50260296332522
0.577023628971338
0.0221175707247141
-0.135818569911535
-0.227273180265952
0.575277203001827
-0.739046296137547
0.0730456621058857
0.184674284331362
-0.667920331912279
-0.385103255238539
-0.275341179766591
0.879298048216951
-0.0556355714221793
0.349403347625948
-0.0862208059337431
0.325570302544316
0.500719971505207
-0.147922989202608
-0.483184255313821
0.681313388186753
0.526379010365114
0.197404685947847
0.532145783269292
-0.376016605229599
0.27927124218202
-0.0819157169275958
-0.900259718327021
0.423320329563458
-0.226508303489238
-0.249594204129744
0.132845103241082
0.174060285123404
-0.00524740961946516
-0.129418287823376
0.505518960333182
-0.21755601329999
0.0574655210449475
0.0598161086422579
0.151207036502538
0.470345473044189
0.49338712549644
0.268172416387841
-0.109936370651259
0.0259982340231085
-0.422269834461125
0.0622249927955363
0.565239482836107
-0.28223180637619
0.575891757507376
-0.0984413533913906
0.386388628299308
0.0657548377463137
-0.459233321220976
0.0276253682551951
-0.16485745753343
0.559305816941536
-0.78514456168282
-0.733057484971194
-0.197848805834195
-0.276692472810933
0.432395089245836
-0.526610431155605
-0.338319954570689
0.466570089232992
0.922993017624727
0.32322876720947
0.30628168261575
0.338723812346242
-0.034810916178511
-0.648172157517108
0.56515007538193
-0.042772974788177
0.627071059776476
-0.684539014375041
-0.00139461789417648
-0.350198331476185
-0.21882882709965
0.0180955735956868
-0.602759665268541
-0.45875125880773
-0.00994965491603802
0.0888639995269682
-0.180178554006912
-0.445832918575406
0.108075936804505
-0.400869253535256
0.141109204706378
-0.040677962899125
-0.252285072239497
0.728318769586745
0.35504859883249
0.622606845232536
-0.0380780441113187
-0.840991325608969
0.18945190767257
-0.235258426177182
-0.367771860345898
-0.661697618319493
-0.575927869788938
0.286215889563308
-0.0982138096769827
0.659451104748471
-1.46158176435562
0.627519330652158
0.72086321053759
-0.346155182241756
-0.0107547484501198
-1.11626223402661
-0.0548796561005781
-0.0293494238615248
0.062257207213987
1.55636667553716
0.952851149624478
-0.748886885144561
-0.0842320240234461
-0.0410136653546551
0.520731916096206
0.317305989623353
0.336898064622198
-0.161082067177513
-0.60832587036655
0.349908681917561
-0.730798803517058
-0.183414736632414
0.143635076047755
0.252400878191465
0.430991960267053
0.130636087637663
-0.536261889129832
0.412439259150808
0.256722536222685
0.595576856905066
-0.592230663511361
0.296226123019211
0.129185749290965
-0.284256258540698
-0.256727471093673
-0.681728912947072
0.0486061210307494
0.0504984041736248
-1.64296103351294
0.0617554611771464
0.491854297793232
-0.0331578523166549
-0.286801303011814
-0.11025379736427
-0.296577304958169
-0.764404388564838
-0.402421217402291
0.0725782972899551
-0.15547101379661
0.025075310958013
-0.174301040468456
-0.277057126054954
-0.354102930007652
-0.295226848656258
0.27105382843763
1.22391442198209
0.218808776472067
-0.529065925445409
0.227740736232249
-0.199497093691886
0.610527121174978
0.418505256563365
-0.465641045976807
0.441080243339566
0.0504784859112675
-0.134731474873592
-0.803207173344421
-0.00962156174035783
-0.94900935074031
0.290954149207967
0.238084873198874
-0.226516829473074
-0.247300879459006
0.302618444105109
0.152021506468024
-1.50707132170775
0.00670876391519504
-0.644156138612018
0.0354208579187915
0.38652860530894
0.0386598099839839
-0.334923834018637
0.274912067792706
-0.110207918916226
-0.952502286270608
0.356777856774197
1.19908921191256
-0.990543834062644
0.758265376120105
-0.833077141142314
0.0625966769485456
-0.0886784704923041
0.483586087214766
0.252643776525256
