8
8
-0.671384755249259
0.811091700370593
-0.217108791964008
-1.08567029487067
0.641800213091953
0.16190139021115
-0.631300936905805
-0.0742972521195342
-0.355387555952717
-0.554889341949669
1.00094069161332
-0.282363934840702
-0.438870488514039
0.468671838178557
-0.686979175205253
5.51656751439305
4.93378055705233
4.45906781891754
6.06376361792368
4.69685022388792
5.64574307748644
4.73226432789878
4.06803785048954
4.5106543840205
4.81241185008129
4.93335788271679
4.43010583449273
4.92064766916694
5.13640276834156
3.86366988324029
5.24067577040792
4.11474785097223
5.17948779206479
4.44120702808731
5.19186530473131
4.71718376150216
5.44414375789076
5.2560194666847
5.05924229550179
4.42162170707636
-5.38400592469431
-5.23818593452583
-4.79880288386397
-5.13893036987167
-5.38619629173244
-4.89028820589382
-5.35350170358503
-5.07527865406762
-4.74462277500099
-6.02107166418491
-5.55436659256592
-4.98941205251936
-6.00145535546311
-5.25579126489266
-5.22591271250907
-5.20034333068696
-4.99623054791212
-3.98847040303851
-4.39877145628638
-5.21920204942867
-4.58963227374171
-5.94962776715845
-5.23030491668528
-5.18560986266972
-5.12987739384942
-5.1761326114791
-5.33438684000979
-4.94377729427779
-4.77704573361525
-5.09973228671268
-5.50941037837906
-4.1944832341513
-5.67146053701515
-4.77763302587533
-4.27651155949883
-5.87252494636391
-4.95809539021779
-5.01974231526048
-5.51597841192826
-4.55296352658042
-4.21866054252522
-5.69933589398564
-4.56534408362878
-4.65919503905382
-4.93441166474827
-4.39118558847368
-4.68967386571598
-5.50110305427596
-4.44609083660357
-4.88530599685909
4.61822726996364
4.33130577473109
5.85259483248855
4.41059074024936
4.85708377735125
5.29101913209872
4.84454224095916
5.77473827642557
4.70104212246137
5.03323797326475
5.24942912783963
4.87891904798194
5.5792740002299
4.97768477827171
4.92820966496862
5.05502154946774
5.46640142617608
4.2241447944383
4.75251188727299
5.26690176997456
4.8644230123249
5.63316778399036
5.25325739044384
5.89079280833849
5.78548114083479
-1.02719086515489
-0.252503146447752
-0.0901589543255124
-0.417899276029472
0.511311977757321
0.299701189219996
-0.707752223642193
0.191597805608143
0.667737629499534
-0.976859345649263
-0.150191287916692
-0.00316519528911525
0.163176932664756
-0.236566643140918
0.179629753814476
5.60168077182534
4.26560312281139
4.92372650086375
5.29953581505321
5.43314272406607
4.69023307271661
5.66925519473162
5.34457424181393
4.97252076293753
4.21022345492679
5.58236157673689
5.36958214146766
4.53805989916692
4.88044278786058
5.33035527961046
4.77142482873517
5.7864188623564
4.34707611981823
4.66262568117231
4.90724722181828
4.73771850399704
4.46879239005799
5.51168163756631
4.72614902334488
5.53418059397943
4.6299490273818
5.2240202973543
5.13147264217457
4.97783737971534
4.52825679252011
4.56133595466685
5.10478198705381
5.40906860722063
5.94606026641613
4.52645102596855
4.79223725922654
5.40139262101065
5.02495770872327
5.18415732435803
5.36965186177107
4.24961552223298
5.5043136414224
5.3689993105264
5.84438471807056
4.78945038195844
5.86854894510712
4.83416119030815
4.90358086638058
5.49002787969918
5.20423125546563
-4.64685783409002
-4.78245930809417
-5.48177613245936
-5.30350935644376
-5.20934333233578
-4.7209015584828
-4.97693717120844
-4.21419624210617
-5.11664326509632
-5.05469235897348
-5.09597476986905
-4.41776915550872
-4.98271759722795
-5.19443398773539
-6.02455523547281
-5.3305987042434
-4.52137829907965
-5.51833534309578
-4.79411927011468
-4.79251075493797
-5.52209791507123
-4.82643895235894
-4.29735638133332
-4.15324175927712
-4.8709304314549
-4.44102518847032
-5.29527430978086
-4.81761263871438
-4.74924724185379
-4.52035451171885
-4.67511630019094
-4.91202648800544
-5.69926563659815
-5.34278956761772
-4.5736135167844
-5.90986259851508
-4.77520688946837
-4.56033452082641
-5.43561176735258
-4.70572967535081
-4.73971766110229
-6.01120372553142
-5.09666204881246
-4.49382266291704
-4.07142211846355
-6.08362385694558
-4.53330002151185
-5.50929543373087
-5.04746980051236
-3.85031340483229
-4.9436114545761
-10.7680781213033
-11.0250980877633
2.94634329933679
0.0741683479185763
-0.332985304175058
-12.3505760737584
-4.78917451919236
0.0471044548682771
-0.422240961568345
0.0959383180285703
-1.52853169781126
-0.104699948060555
-0.512972105720225
0.0856117262184142
-0.610002694614406
9.33115930022724
-12.3810236233607
0.153866726454848
11.0753343776148
-1.05001336023877
-3.75165534057156
0.852459490020475
-0.749858895875476
1.10063622611549
-3.91331921427477
-1.26260309590017
4.25441552790537
-3.46884466914161
-8.78146864812588
-0.964626331047798
-5.8883144115583
3.38468850011682
-3.38628782862609
1.41584096134231
-0.924145680686271
2.19372523797844
4.48829039611081
2.23470302175202
3.39531787444427
-3.62154330223216
-2.77315601524048
-0.405583571232685
-3.31370054058443
-1.66154836170371
-2.48020564191358
-0.631789675550332
-6.07864777824945
-1.87107316586481
11.6783049867441
-1.6819995708302
0.760050192303254
-0.144615347829083
0.426748078922711
-1.93059595088909
3.09542190709141
-3.14634834600052
-8.15888698057963
2.40072782411424
-8.34569910390181
1.75215460404313
6.65101074051424
-0.019114170096243
-0.653508969373925
-4.63181361505778
5.7934236181229
-2.16980480782241
0.932403056936273
-1.894944591876
-2.49655469610305
-1.99572167159998
-2.87654892395349
-7.7749263978672
-1.71752649022667
-2.0373053330256
-2.77200945468524
-3.68576037982808
-3.86531604315203
-2.03161668543852
-10.4333670986871
-0.922695853636785
8.07581057037227
-1.50073721228433
0.826850642826896
0.647171725898629
1.5538990148145
-0.520653930689475
2.59106067526885
8.22553138463212
-2.33769103454119
4.7852042975321
-4.60609455433331
1.06086417370497
0.272427909228013
9.19537792830308
-4.90051458823188
13.1873727699894
0.567260769865761
-3.53359307028578
-7.84592005543191
-11.1966952621734
-5.13824026133972
-11.0688953638957
-5.87563680190268
1.96997807098604
-6.8798019160727
7.83777916253803
-8.52983603351609
2.38562800572456
-2.39743852121581
13.1855262843818
-8.55156872140229
4.87883598618699
-12.463003444619
-1.85452628506584
4.8263832691371
-10.0477562197569
7.60924463061221
1.5382365103721
1.32728639687226
-9.37866657066488
0.689495605800396
-6.79134213090034
9.06968980075325
-9.67065115231259
-4.5681988132789
-11.3368917893234
6.96184426532665
-12.1308084895159
3.55216780824183
-4.22663428271144
-7.66101277719398
11.4761298282423
-3.41208792984974
-4.41395819187352
-5.33280171607775
-0.310463475462536
-6.41501893018007
-5.92769480139289
-3.9646055366532
-2.16460975224585
