8
8
-4.9436114545761
-10.7680781213033
-11.0250980877633
2.94634329933679
0.0741683479185763
-0.332985304175058
-12.3505760737584
-4.78917451919236
0.0471044548682771
-0.422240961568345
0.0959383180285703
-1.52853169781126
-0.104699948060555
-0.512972105720225
0.0856117262184142
-0.610002694614406
9.33115930022724
-12.3810236233607
0.153866726454848
11.0753343776148
-1.05001336023877
-3.75165534057156
0.852459490020475
-0.749858895875476
1.10063622611549
-3.91331921427477
-1.26260309590017
4.25441552790537
-3.46884466914161
-8.78146864812588
-0.964626331047798
-5.8883144115583
3.38468850011682
-3.38628782862609
1.41584096134231
-0.924145680686271
2.19372523797844
4.48829039611081
2.23470302175202
3.39531787444427
-3.62154330223216
-2.77315601524048
-0.405583571232685
-3.31370054058443
-1.66154836170371
-2.48020564191358
-0.631789675550332
-6.07864777824945
-1.87107316586481
11.6783049867441
-1.6819995708302
0.760050192303254
-0.144615347829083
0.426748078922711
-1.93059595088909
3.09542190709141
-3.14634834600052
-8.15888698057963
2.40072782411424
-8.34569910390181
1.75215460404313
6.65101074051424
-0.019114170096243
-0.653508969373925
-4.63181361505778
5.7934236181229
-2.16980480782241
0.932403056936273
-1.894944591876
-2.49655469610305
-1.99572167159998
-2.87654892395349
-7.7749263978672
-1.71752649022667
-2.0373053330256
-2.77200945468524
-3.68576037982808
-3.86531604315203
-2.03161668543852
-10.4333670986871
-0.922695853636785
8.07581057037227
-1.50073721228433
0.826850642826896
0.647171725898629
1.5538990148145
-0.520653930689475
2.59106067526885
8.22553138463212
-2.33769103454119
4.7852042975321
-4.60609455433331
1.06086417370497
0.272427909228013
9.19537792830308
-4.90051458823188
13.1873727699894
0.567260769865761
-3.53359307028578
-7.84592005543191
-11.1966952621734
-5.13824026133972
-11.0688953638957
-5.87563680190268
1.96997807098604
-6.8798019160727
7.83777916253803
-8.52983603351609
2.38562800572456
-2.39743852121581
13.1855262843818
-8.55156872140229
4.87883598618699
-12.463003444619
-1.85452628506584
4.8263832691371
-10.0477562197569
7.60924463061221
1.5382365103721
1.32728639687226
-9.37866657066488
0.689495605800396
-6.79134213090034
9.06968980075325
-9.67065115231259
-4.5681988132789
-11.3368917893234
6.96184426532665
-12.1308084895159
3.55216780824183
-4.22663428271144
-7.66101277719398
11.4761298282423
-3.41208792984974
-4.41395819187352
-5.33280171607775
-0.310463475462536
-6.41501893018007
-5.92769480139289
-3.9646055366532
-2.16460975224585
