8
8
-6.74555900017251
0.0780614307849445
-5.24276981516223
-9.27996352786275
-7.6308783599559
-1.81407376273836
-0.205107088215398
0.849823161205445
-0.194730119571256
0.562660420902793
7.36907933099326
-7.56429752683001
4.07425350627776
1.56237518156781
-3.25878649773948
-7.93915001801948
5.33371579854856
-6.01543743300957
6.81281011800797
-0.936847982561784
1.30974599627173
12.0978064900713
9.71500416190956
15.4962219850629
3.95830823696962
-0.856690424393229
3.03510655645734
0.134900375401106
3.29968534598101
-3.4382779612971
-2.68545191402146
4.69098209305299
2.06256920449955
1.40248609433551
0.936415407526394
-0.661235634000789
6.21939079162287
-3.93386696344008
-7.04154919939298
1.95642042414168
-2.29865227393349
-4.76639764734426
-0.950157646483051
-1.55004878072431
-7.15047503856661
6.34062179146916
9.37135672885478
-1.37859942779999
0.84481596006944
-0.442021903041295
0.625923284468135
3.62833866397205
2.51000295478196
-6.13627613708333
-0.0477017199526428
-0.318341561214881
-0.827290372750611
-1.48965736087844
-0.509731281594678
9.2751660212339
-0.538386087437341
-3.574739202941
2.55306177484883
-9.08434853420482
-0.592540392132703
-0.0977426140006797
0.269687450031378
10.9014169394535
2.69595998161571
-6.45569476470255
1.74774477754702
-8.14366193753053
-3.07801976369916
4.48812624317581
-4.26978745485359
-6.29709987015879
1.55994796390081
1.36277761001753
-7.58372896015676
4.82352768574482
2.82378607960326
-2.11201477800515
4.94833546975764
9.55853093394876
5.06094664729595
-4.14385298142805
3.5831632876655
-3.75694149334527
-0.440030147768956
-0.0291859811885482
1.40303469601416
-2.1565084810456
-1.0530784965682
-1.79197932223069
2.09226333400063
-2.35811962990792
2.80416636058663
-3.20607492930027
3.5492723178457
-1.47245155219161
-11.5825630905616
-12.0064564007754
-12.6930178894004
11.4787791321132
-9.93376937513358
-9.88672971650125
4.11152208201587
-2.76348837237975
9.47080841857611
6.50717178789107
-8.22224891116105
-0.0465127356806826
0.292979583330091
1.50098156469655
-15.343747991646
6.95222791461374
1.99644697443343
7.41967376220797
-5.36019337650363
3.14793313588102
1.77018665498831
8.74395309139848
-14.2355761014984
-3.89884288683608
-8.2561762260764
-7.36627210051724
7.64329772380345
-2.0419038624588
-4.57627750294467
-5.60370211023533
9.38438670345095
-6.25681210961533
-2.01969103538691
-6.4798366484224
1.92162974044153
-15.9395067526314
-4.36809868117201
-5.35157596908804
-8.85506130729617
-4.49078605445198
1.63732814717187
