32
32
-0.219908290927045
1.21200379184092
1.10987844181981
-0.267933646160925
0.155540850305469
-0.334019410271452
0.727369725551363
-0.344847372857965
0.342746866724136
0.614086357005373
-0.67069996858826
0.13830420468872
0.258795676104119
0.0398653175396623
0.355799064785918
-0.490200959518989
-0.326323590382326
0.0381878235852659
1.11042642097996
-0.159679053656469
-0.0968036291869714
-0.0194095712316649
-0.089467120534683
0.6201130765201
-0.28510053383854
0.156132293851423
-0.787431571639102
1.0652257996988
0.575006945296185
-0.336760473862181
-0.681673870490644
0.203632705035909
-0.272749908577566
0.690841795434734
-0.892645520113774
0.624057980747388
0.178328432501445
0.0615391783619919
0.215312139652841
-0.631968810054996
0.0250167577378465
0.165564465107225
0.50337640769011
0.497956837457485
0.75967408503893
-0.715427777480475
0.152000576807174
-0.561268957972471
-0.501175133054512
0.808271146570208
-0.50639503007265
0.0763780733655097
-0.0902847341156488
-0.50030757032308
0.362593550978577
-0.262433609511788
-0.17088974220827
-0.0452756888482635
-0.452657545714737
-0.240138702425234
0.904769190167504
-0.682002787531474
-0.386000773678265
-0.583432692148704
0.17924416635412
-0.624442768564231
-0.312342216330601
-0.487807715294141
0.0723839058155233
0.210614106367815
-0.507467000164682
-0.483603912583915
0.0232660091665586
0.01613575687096
0.0946794621163817
0.0738379601837924
-0.730793817148733
-0.199419469420548
1.37866224163889
0.0948257341829261
-0.053430999991237
-0.162379796217107
-0.91024275088349
-0.874699688015579
0.152080380824082
-0.507975924065458
0.116079586374024
0.092982192257352
0.00966052721470971
-0.872050504968957
0.524767746905361
-0.103535903784937
-0.358020204354169
-0.481007988131252
-0.869963493978105
-0.0627901974275251
0.331702481392254
-0.157063965565709
0.367982828535391
-0.241540563138289
0.142272146338258
0.404592928324687
-0.919639387522164
0.612345977923273
0.365486394313728
0.240176283543044
0.18288721862042
-0.16257979682788
0.387959133531975
1.08421049537036
-0.640610801322278
0.705349708280018
0.527492694421571
-0.470174498183768
0.470361720690356
0.120523297351399
-0.880751253971421
0.0923170531712682
-0.344751078567508
-1.16254721876622
0.145918408169193
0.911620680191537
0.629364874531667
-1.00871366851331
-0.463409723497918
0.580176046296226
-0.186377890756078
-0.0971220462663165
-0.167615160909323
-0.275905207901409
0.653550079824508
-0.691178740535322
-0.0617740627524923
0.431356668794546
0.404326319427237
-0.436121276417828
-0.766203284546818
0.869669965172311
0.150217523066038
-0.203973001874508
-0.377336859808122
0.659775430787872
-0.0748446474344073
-0.468179261850976
0.630159141915271
-0.191751565873318
0.586149694130543
0.825872019001642
-0.043835533022976
-0.0208602046275443
-0.620989098727869
-0.755199723793659
-0.726649455200186
0.317976535610518
-0.0136700625172061
-0.248841409282005
0.0590701444373992
0.0885561704285107
0.607576828040529
-0.160276239462613
0.946989127507503
0.427812853504789
-0.369476814769792
-0.197523229802854
0.193312688346799
-1.5397771828911
-0.0059484591439294
-0.781066875666174
-0.304437614203022
-0.283329023005571
0.261068886434754
0.24577881253367
-0.234749642787696
-0.12246441118874
-0.258004764174115
-0.140040041686771
-0.401876580379742
0.250675557637914
1.24418870644335
-0.39582854715685
-0.311853646468197
0.551303391417688
-0.16566401992538
0.259145784574543
0.59608632297275
2.48555147588135E-5
0.419012070122653
0.0873609883026226
0.130796607433853
-0.589149749214147
0.0724877132888467
0.359926234188207
-0.146774225007391
0.147872107065115
0.592372614913016
0.172284018273355
0.149406541245192
-0.717570151835295
0.202221721524445
0.0817669457085351
-0.119367386174066
0.197306821818264
-0.162459818691351
-0.213294504084162
0.361187558409205
-0.213683439042989
0.171802904701873
0.56896754402299
-0.36013309041511
0.515712724293622
0.555806518068185
-0.0033351840553231
-0.358781932608148
0.458747758694984
-0.198166187414175
-0.83055295167469
-0.0710286670741728
-0.221111656416687
-0.405380769671039
-0.178635294081458
0.702689777424507
0.156151324082344
0.59242419859474
-0.173193287957721
0.686951613772474
0.22461080961972
-0.426750412150787
0.220791437515627
-0.527666859191538
0.93529988785733
-0.508784716060446
0.288651756480335
-0.128135253851266
0.093900539586256
0.11434853148546
0.319233606226099
-0.16682712897297
-0.418623484689229
0.70634444811489
-0.0254294725715152
-0.150236622946502
-0.460211324543774
0.256583909293869
-0.276616250999375
-0.165011293704821
-0.111499980753635
0.61591674424802
0.0698069742587504
0.699013285543176
0.533814049316065
0.123500364091385
0.519380252414836
0.345377373852653
-0.332258989300686
0.605000816892813
-0.174447962563371
-0.435457795188212
-0.68361907218329
0.0877921374515459
0.142333381128397
0.468322607814895
0.24292163446665
-0.00762625557075118
-0.213632585052458
-0.0069043233145217
0.638222463996292
-0.204451340820918
0.766924985042649
0.0278986283309445
1.0776383603685
0.067633973999568
-0.203852761400774
0.0171969623903867
0.756802187725894
-0.223237239406281
-0.310581052151443
0.259371142990404
0.00130723624957162
0.11595014203309
-0.16434469997427
-0.104395396444866
1.12456420768481
0.442917663978759
0.51812493415882
-0.152012124975106
0.531142960785618
0.656559687084916
0.130330808165206
-0.0844185757204743
0.100205947397073
0.020692444984858
0.244526892705084
0.452985539762682
-0.399817893706949
0.13373660512131
-0.282532929407851
0.765046910100236
0.731239718741909
-0.198340213603036
0.369320083739124
0.280077784922482
0.287943492362528
0.528512103902227
0.237386616271733
-0.315503605070513
0.30522959791937
0.402389604834992
-0.373131330989361
-0.181632061116744
0.371030223912247
-0.47795260432543
-0.496618191711954
-0.629187294690928
0.171247875598658
-0.141757079019191
0.120309854425211
0.327876843815076
-0.731316949086522
-0.268017500076021
-0.10375353240197
-0.275011042321304
-0.152291615746203
0.256897704198146
-0.202337566291367
-0.0202487662278294
0.424497502577857
-0.0740736557394714
-0.129446094703092
-0.607602967772409
0.36002365454306
-0.463051162693519
0.7014303245672
-0.0965108668029896
0.580650267359443
-0.274874037400655
-0.0561294003515124
0.0609252144965738
0.161980847789461
-0.261214177845866
-0.266504704600006
0.303808556995837
0.160954565501573
-0.370869627964688
-0.984408136867609
-0.405143456506894
1.31970348411217
-0.100299900615123
0.619358085065894
-0.691318762928782
0.242636039339525
0.416629232268001
-0.308151495335277
0.33864528974456
-0.27164940140886
-0.30664449995479
0.0298565771257326
-0.499173649368017
1.33976599316106
0.357356220744729
-1.13035025186511
0.550223978354748
-0.893292744570388
-0.381473747877551
-0.0632322580547385
-0.186711698555423
-0.0168385594602857
-0.0613093329974402
0.736459194856227
0.0465428426275211
-0.469771593719806
-0.0393366887445396
-0.142868033997864
0.435072851631002
0.0651045689282344
-0.00110695505405334
-0.988422194598845
0.0866380183758904
-0.277953700606371
-0.385468222775073
0.380121575242002
-0.593706423347807
0.129418814306018
-0.105800005492225
-1.12376913815351
-0.569678462780481
0.362207222075069
-0.0726202103927419
0.152050684079764
-1.09622841792078
-0.440086066839744
-0.478105095391878
0.0578204755751098
-1.10970398365522
0.847232471393031
0.58384543827129
0.190716340735569
-0.147893945037236
0.345499791962969
-0.116185233262838
0.224474205522579
0.470875298313734
-0.197957506763175
0.227774855562188
-0.451091206842165
0.905291725255426
-0.234012591607017
0.0228312607943483
-0.504617835528867
-0.144342997993631
0.104668345228474
0.0548780446403697
-0.502210625348078
0.328397872862194
-0.717034075855236
-0.301984551654958
0.152385320184548
0.334821464646
-0.392163606890737
0.160308568929758
-0.0626700600035257
-0.464751995740812
0.75988998689216
-0.00830823269379648
1.00797408642074
-0.503656301574503
0.555280155392629
0.190180282012717
0.883364131982831
-0.45345054004698
-0.084072721831519
-0.31899742966902
-0.0256698863785245
0.370630872429427
0.111418086473334
0.0450284823609373
0.0106911096158856
0.51909498027257
-0.0326955062229591
-0.366395484225433
-0.048211328954662
-0.00687740954881683
-0.293086451432952
-0.357238487841339
0.584125537229926
-0.337560373597105
0.179060439039888
-0.10790851361271
0.480732600320169
0.235918518385474
0.287865109016376
0.661723055562154
0.226113717061025
0.247333242209122
-0.647735146796
-0.405053314763211
0.0939783217055184
-0.677918838461476
1.26436744479518
0.737888672001712
0.249232251787122
0.0486397530253986
-0.0201261249859175
0.358235095501736
-0.559561516097517
-0.659299830243537
-0.663708437591309
0.137183629823824
0.644684529102087
-1.07471247483614
-0.258064930184721
-0.973701093071783
0.309079406201881
0.458995701714739
0.385450417428246
0.526767055046827
0.74489883384361
-0.042812959715817
-0.392000833211048
0.391081992891335
-0.352737016647669
-0.541343639063866
-0.066916258424942
0.0242628679051094
0.426003961026219
-0.772293755397015
-0.420582597038915
0.422001654851702
0.0437117252236126
-0.535560813651769
0.0572788179745066
-0.455773255763628
-0.505389613379768
0.339983481970015
-0.249218759846395
1.16839669637449
-0.094587961478974
-0.486166793057286
0.0677825604426668
-0.395734386415652
0.224531361499613
-0.0777201906820244
-0.238928562045001
-0.511792053825081
-0.117830244632314
-0.216218763381792
0.0604241395960814
0.248695540967986
0.345489837424348
-0.372659997237718
-0.00171236009817719
0.0886016759726403
-0.339246640700433
0.0225562200328401
-0.390594866145097
-0.549254489598974
-0.209285677336267
-0.0347957430407781
0.659285467501297
-0.436382700073926
0.835805146445254
-0.581925049584234
0.74117183608063
0.89257171103136
0.0941459401111041
-0.435119988625472
0.459743024308472
0.0115351516167613
0.412175999199471
0.507564287743999
-0.0365112318008087
0.758414482029097
0.991291352876146
0.0169415577561764
1.43651656310927
0.0552990848587159
0.327201502581672
-0.281467159580018
0.171397992395576
0.925440258913302
-0.154438768434482
-0.117731794874712
0.650734403893778
0.619806303945043
0.449759917222318
0.647190532265682
0.471718159545584
0.840285685731272
-0.625589606564213
0.854412475185905
0.400465867807527
-0.330986714894638
0.419009022470884
-0.584655064845211
-0.12718105987934
0.144165560730594
0.0537729450399761
-0.549762287825727
0.150879724242942
-0.622971113118111
0.260190965192765
0.758988414308651
0.959088639007447
0.251151199911461
-0.120135322435786
0.178143886172619
0.509589070044005
-1.11172686896947
0.162495599874372
1.01489662042302
0.125748480461007
0.512850456300248
0.0376784201241201
-0.28271376444954
0.452382458898881
0.417467967893642
-0.389293599229248
0.608979735412173
1.20730653671499
0.417359844918429
-0.706648555696354
-0.0998551655608164
0.016234190480314
-0.203930000996066
0.0610014451910812
1.02993879641207
0.468444930148071
0.224553840138104
0.220705725082416
-0.464093394241299
-0.414522634350701
-0.691352634299782
0.185986853221967
-1.05250125520302
-0.468444722203863
-0.617055851629988
0.0873658234191346
-0.174220665375542
0.284533911318583
-0.483227795442938
-0.266599625060417
0.0917866353879819
-0.141997415799418
-0.0961194519095334
0.135422879914486
0.48049222951754
0.40580893537788
0.378665161598847
-0.315880481603503
-0.301024090440596
0.122903219683873
-0.190950613282579
0.20388678249904
-0.389445517792533
0.901853006848636
0.200296547198701
-0.464329117607018
-0.144889821930777
0.939889018652154
-0.194320443666078
0.461799549706265
0.735889864393535
0.477453802809438
-0.301761776096108
-0.261578002793465
-0.36144106202794
-0.0625797625635471
-0.441152134193644
0.575704278055072
0.293987505271203
0.00848279964987755
-0.336025352211398
-0.145548866071455
-0.00636306650387139
-0.59404622878527
-0.83978042180876
0.245401199476292
0.342960504926173
-0.529691391361893
-0.159416917634037
0.335572030316348
-0.11014441603362
0.28926603645417
0.253892322643896
-0.630517137632722
-0.639713435486386
0.5854397656832
-0.768803853470028
-0.415920819892316
-0.471800864305633
0.30172983442396
0.193824051865776
0.138384668315143
0.362969598497879
-0.510285033311629
0.375499377216755
-0.22796225638885
-0.395343619969017
-0.257831142379719
-0.592166238190685
-0.544219397848931
-0.529354286333925
-0.555135120295332
-0.0876915349403787
-0.109478780632583
-0.880782548242575
0.950499004901742
0.579292533357507
0.203094671203792
-0.62108883955447
0.247030828260696
-0.206792421793617
0.30104233485153
-0.0504609677627115
-1.33095219996378
-0.509712899814245
0.300816517906214
-0.203391743161537
-0.355690427807704
-0.238740737716361
-0.412327525443546
-0.479291921735308
-0.890713935705192
-0.0396123604929726
0.503175199041374
1.34233140201199
0.494860430399309
-0.399312644476656
0.135645876194452
0.0253118491588279
0.351738083352313
-0.766121847052667
-0.359966655441063
0.236923452748214
-0.425468600240818
-0.37548282605338
-1.41750538274143
1.05206497228451
0.406742510605235
-0.0437884832794152
-0.559919770048676
-0.565433660537274
-0.0867375630347428
0.551232451849516
0.00880614251837418
0.945642888578818
-0.493882954783571
-0.159694007785372
0.330502655850575
0.180453726610543
0.609771120064876
-0.719512493417541
0.526540190768722
-0.295510066747752
0.349234938012964
0.201111437025888
-0.220887101332206
0.251529243927203
-0.7308072142048
0.402039698880983
-0.461316396406445
-0.811045256147182
0.866382520024589
-0.193897761261937
0.0517915982554131
-0.30538894687164
-0.811657264491588
0.156801557787433
-0.034760113395844
-0.453522325857003
0.571774659961698
0.579440726449314
-0.562846342740801
0.734151402076198
-0.0771977934776017
-0.396543778718748
-0.849425686905795
0.0125847781076568
0.0579410365882746
0.102737101289901
-0.434182240171378
0.797322381132426
0.0822152306083618
1.30758130788834
-0.610670275536134
0.278135393469859
-0.111695467767941
0.290447499434657
-0.285981919861461
-0.0252468721376798
0.292049354327573
-0.626497562747175
0.0426975277956567
0.0287653877422852
0.622237587219216
0.621104564323555
0.261715121847332
0.267387941308403
0.227599492559399
-0.0742191848309848
-0.183161688379192
0.919954834716152
-0.27859298092575
0.268108214706919
-0.897685848284858
-0.02997850565197
0.806921088801656
0.490741613953447
0.157930481485255
-0.290553489001948
0.506809112412987
0.486260629597583
-0.708975090486399
-0.766832973282459
0.330895640534735
0.798300989417753
-0.766394226333032
0.239760916514716
-1.11777550235034
-0.166919001554033
0.095480844324747
0.18256329181377
-1.03077278353921
-0.250552426219183
0.224633999023146
-0.391273228369668
-0.610612132400408
0.542634435407614
0.117245412029045
-0.187991450673246
0.464839875573932
-0.622047216041966
-0.659545585267599
0.118132586407977
0.11947027276589
0.147738828030929
-0.777339439659866
-0.80430403341229
-0.130455175700429
0.0972356150078404
0.405894019866503
0.656928091141713
-0.29393181667112
0.0269313109367588
-0.540374465968773
-0.217593860272156
0.331928496863398
0.347419764484531
0.512145962150567
-0.367532819293396
-0.364045090286656
-0.588362539178991
0.104420678786167
0.782858822799414
0.331952790171656
-0.704565060553355
-0.862206228144748
0.79255786767844
-0.481898559741447
0.283683577563955
-0.426575780313567
-0.169110259601234
-0.0552221077105715
-0.805498937085741
-0.389559031645586
-1.08661279737702
-0.0222522561575833
-0.279339665348069
-0.126463233704812
-0.321276596582347
-0.350260352699634
-0.03586850754451
-0.148146210931988
0.785964615659186
-0.830442973812238
0.215791502676606
0.129119223511079
0.119949412018411
0.545703452920522
0.404841184030726
0.0410187095454351
-0.438955143398894
-0.723144180104822
-0.566222975703456
0.420950798304077
0.451401637608104
0.283187940651976
0.832140041302087
1.02044132492588
0.686756695747188
0.464026107397433
0.254902990832011
-0.00327751696863877
0.560241378989632
0.626335013708111
0.450228492966297
-0.430415578822021
0.373958467013364
-0.0091122993283983
0.533915927990012
-0.147344602869142
0.586890758157535
-0.516529782414007
0.24385831606929
0.808410552234371
0.0849934587970858
0.381468757394608
-0.0920078059777792
-0.099558054791559
0.145408765186671
0.609128288950025
1.13731200337987
-0.263648748864034
0.292419793083705
0.587011297440545
0.436629387340723
0.0440249021455592
-1.04838649881844
0.400116216873507
-0.36418187050125
0.325600263196055
0.218940717548118
-0.177291795530955
-0.310864189599828
-0.168019918693673
-0.423595778229602
-0.641164393206511
0.159684011321351
0.0278082311363961
-0.140495832613793
0.350033934493944
-0.239784037909054
-0.0147874991160221
0.0120096669716095
0.325197312256275
-0.646195301114363
0.0453641037166259
-0.0559172724480986
0.449513217293353
0.0702542475283534
0.309014507865035
-0.080302940895428
-0.745361790795845
0.214699514306898
-0.293846693239503
-0.170455160318985
0.137154076323958
-0.520824096134188
-0.402975119604209
-0.121720535849787
0.543778542761786
-0.52304196060387
0.128261664618543
0.762879951565304
0.308293837946566
-0.272724917823982
-0.590919038740394
0.174572858141957
0.971545455510673
0.160614036331717
-0.175784478865906
-0.295023942721946
0.722154287973128
-0.346475702010608
-0.0444527922320919
-0.214056063297945
-0.781641317432772
-0.0105362648072742
-0.26406429322033
-0.0546115808143443
-1.02039368520965
-0.076276612228865
-0.66284321006025
0.556925089563239
0.0419914086520682
0.194396824274259
-0.395636364379612
0.0941725940198399
0.310829553615437
0.14211335478761
-0.188141052590878
-0.440341753181767
-0.458592581651101
0.294563937747599
-0.0790182081995748
-0.329404691393043
-0.0637280868999679
-0.175793504927367
-0.398603344453033
-0.173936264858294
-0.00332291925245194
0.0227383377829037
-0.000112767820798357
0.184128665270993
0.576000837152014
-0.0589046499790215
-0.0922714349836678
-0.59045537084648
1.0451039624689
-0.52442835553194
-0.328719191398515
-0.49333688083887
0.726934063968339
0.248588338866279
0.872292818845092
-0.328830158173144
-0.0983236243958599
-0.73917746623353
-0.292488502884197
0.0222143014822893
0.249781419697036
0.498361841267651
0.129240411448882
0.339279647920331
0.381926117456305
-0.348938117033508
0.667555756248515
-0.663198849612195
-0.633018615369793
0.0584167821668537
-0.084255639811506
0.661967615566517
-1.44671562059929
-0.721821820259873
-0.130312025823836
-0.0684079207586534
-0.217116767103723
-0.418474806972387
-0.865181784503476
0.456213271557833
-0.321560138908087
0.143088829689336
-0.556045785740175
-0.903441569661197
0.172083575691883
0.275879060007169
0.593168816703095
0.012541210356311
-0.549083612849905
0.400162801282812
1.05528642457253
-0.980215035054806
-0.717310213157766
0.706866474898196
0.0440691218913121
0.662217251808865
-0.208682408265232
0.317456234345535
-0.499501686465207
-0.644094361065177
-0.272192918871405
-0.092007885194335
-0.0165233655658155
-0.0632438841963256
-0.426303339180243
-0.680275418892015
-0.77696084347873
0.668475526494784
-0.209934979561591
-0.168333929509615
-0.292717886253796
0.355306470880772
0.0810259656366193
0.117266579550019
0.105251963135524
0.0449851232151964
0.333048841301662
-0.0978862513121787
-0.810846924445913
0.697447132092092
0.99614019817026
-0.137579102074454
-0.118589584327173
-0.534285732843686
0.632593601427428
-0.858287695098345
-0.392667579662105
0.019909260073702
-0.869080787689182
0.866174071871248
-0.149279947871323
0.706481777005747
0.176562137672248
-0.0143639592502504
-0.106733916281539
-0.103895871447686
-0.474786939280406
0.301436909944273
-0.439116935396888
1.02397507050933
-0.287656078390427
-0.00559046688008574
0.00744711667982393
0.744836231554631
-0.519897120660341
0.349834590335552
-0.409576587159372
0.108507080572182
0.404787796453962
0.576933639071137
0.152502377150958
0.476446791816801
0.785617594402971
0.0102036686804157
-0.1956439062087
0.6045181325367
-0.451124800273505
-1.08747414903653
0.105362852646802
0.217311551085095
-0.697413728103342
0.210814274689811
0.327700826333172
-0.368686361200703
0.0651174660659406
-0.310711331674195
-0.521439448189663
-0.204671183341312
-0.956168187716864
-0.0502662473215583
-0.16668011071541
-1.05444867560072
-0.835317049545109
0.296213417629073
0.00389154054573462
-0.567604585520831
0.1167401827619
-0.00390514488244505
-0.160280676599013
0.225114238296779
0.725587449990252
-0.0773725732399112
-0.035079347507369
-0.931282492683915
-0.091590213128469
-0.404944222137511
-0.201939057525068
0.361142658152735
-0.447631395995457
0.150813903841669
-0.131693543262568
-0.602373704859896
0.129148743035955
0.14816801811903
-0.0919523339991925
0.337342166626177
-0.138225884894872
-0.0134027716457274
-0.426281822755996
0.057038992958527
0.544758675983935
-0.055675013780655
-0.644631000670466
-0.106388297946693
0.574626749274624
-0.634266658999628
0.210078088555295
0.660564209685108
-0.425483115560867
0.196729447814106
0.411844306746216
0.390617378733332
-0.00166554437235681
0.457675752837529
0.131960800401921
-0.0618693873884696
0.657888437682647
-1.27822320733523
-0.111344239518036
-0.789914955777329
-0.411515552365174
0.149460086290017
0.431429763600874
0.231421407890866
-0.844691193673058
0.44016872038862
-0.314432954677333
-0.806917706121504
-0.0764335611949491
-0.25287196062965
0.1963439005
0.257380278162901
-0.717088372887477
-0.0943361925599753
-0.360501912543971
0.094763218898139
-0.309035147225287
0.391435993460008
0.0806960612930403
0.325952395971519
-1.03719905201191
0.33262294879553
-0.00634990347198807
-0.022462427966241
0.786211739325537
0.233149199686089
-0.291440738399323
-0.564710575466906
0.420265668424545
0.208048690971037
0.0279676123316381
0.0343900098393964
-0.479430292687524
-0.261514407459233
-0.484313720194714
0.446046103716489
-0.526365248601165
-0.575070830995745
1.19967795774386
-1.58314629633339
0.279950573187924
-0.911725671320205
-0.165960403848559
0.353758295842949
-0.381611726622582
-0.805136089570531
-0.171080627440124
-1.27115179285099
-0.309759368928564
-0.159528474873583
-0.701783441726408
0.615894426395008
0.206633348991529
-0.400650085450445
-0.553306759817844
0.178174132223641
0.24165519639897
0.437812052414126
0.712526549475792
0.864088452024444
-0.502219774528326
0.754858235370949
-0.614692174056566
-0.325493570132651
-0.0799787994168142
-0.886400259182132
0.264777109001968
-0.29277653569453
-0.551900739151717
0.378026169798049
-0.0324032364459
0.104076229938081
-0.580657728530925
-0.244928249613582
-0.385468101602269
0.248362618537893
0.17088843500397
-0.401304021678266
-0.309411811570197
-0.727919372150444
0.342261713882587
0.777122837451296
0.108988998361244
-0.204126426035857
-0.575117164588525
0.274563137586006
0.417952462778323
-0.286998297253085
0.256213977879965
-0.390211364334131
0.119668082525567
0.254540518578122
0.149438789159352
-0.374356532893688
0.423000392662503
-0.442073295062085
-0.56961500860335
-0.491469231441384
0.0163103651352108
1.02462843946131
0.334960474017662
0.299701214122201
1.1639823432837
1.15996084422485
-0.0239449706634747
0.0627630835478332
-0.124173151254221
0.511555792314187
-0.148261160786683
0.870237614391674
-0.250754682492658
0.349696242982679
-0.600996166518439
0.664075579345475
-0.311396191993957
-0.391784300077942
-0.409793842243673
-0.0019365071541887
-0.342889301114823
-0.323984693412587
-0.251507639465821
0.671594590277482
-0.266560840216837
-0.468771519149515
0.0618589501909841
0.827553439519023
-0.21590114268985
0.0602467137945671
0.297398567816235
0.201188092634731
-0.152507840653866
0.174949660889227
0.288901210105627
0.128062344281123
0.103297221424184
1.02446871943944
0.272369508573575
-0.1860102766183
0.488428269317813
0.253385937817911
0.40721656288247
0.560782120948821
0.178592239864956
-0.0480024480939494
0.205735067421317
0.28457101087246
0.072627565998189
0.0237182385865695
0.794127948156703
0.141446760341966
0.187425767958979
-0.0050872007549327
0.665811196796158
-0.0283863709783969
-0.126808242838478
0.680858678570196
0.0421111865851537
-0.327103323556247
0.558071462317918
0.387109512368645
0.682371449951854
0.394228937606736
0.530235583968391
-0.171258837562423
-0.672317162428828
-0.572535139157198
0.248545290492215
0.772075223284242
-0.0618594959962378
0.532848657763552
0.54302924427618
0.231249098965259
0.0719591693742025
0.254102505170458
0.205622303083805
0.124009510792333
0.118180852929859
0.532992263457321
0.327551055055435
-0.815200290012523
-0.534589268034497
0.297107298163807
-0.226968019825167
-0.408016056410588
-1.0709238453468
-0.403645638144882
0.542891589850652
-0.982667277433863
