32
32
1.80518414570258
-8.05388702045503
-0.900367407777886
0.0728046696169666
-0.203202300497805
-0.0678512534003873
1.28287687486485
-5.84161390862782
0.527356597587092
5.87030609591998
-1.66244836414591
2.39976326292734
2.02234088402494
-1.78771967665605
-0.128570209851084
0.480399016219468
-0.813592461981856
0.263513299083273
-0.320610645512093
0.103017342433621
-0.126404957285177
-0.117738043911489
0.0410219843264433
-0.319976868733765
-0.281890189024502
0.150387468314222
-0.156359384130772
0.0532301357788898
-5.99727290096877
4.47467589098233
12.4797218039358
12.000890103835
-7.64578386486063
-6.27579641921981
12.2599227159116
13.0730506443715
-3.99468471989514
-3.50343621738813
11.8161447502309
12.8172163999525
-8.55069958805707
-10.8356947954934
12.2786902150641
13.3898730186122
17.3805444439763
14.5539710606261
-12.4248613880784
-11.1688927956958
13.0596557704817
12.3862520743661
-8.38577151385186
-7.14743856334412
12.0554947295229
10.9726808026528
8.88173002113006
8.96190496770839
-11.8498572388816
-11.4951777226555
-5.61672598177827
-4.88962361818557
11.2979870580252
11.8635925300687
-8.92145833584325
-9.23692428738574
5.49314301180575
-1.9061094749902
-1.12503010001844
9.33242266538992
-5.25851502935862
4.74468324773932
0.761112892573863
1.22478982672782
1.63421132727032
-0.710411142342397
-0.421099286384552
1.24579282898629
-0.693707527095916
-0.291714732276166
5.36998346891628
2.8602116222635
-1.15062058306036
2.15354325887067
0.27606350274549
2.09678702942221
-1.94586882245889
2.49193999856893
4.50975394432194
-2.8236992631373
2.41781361353617
-0.975701462350642
2.18586351188149
1.17101228224083
-2.51943290684235
-0.740994546662096
1.37432282752181
-1.96082395964049
0.9472256214785
3.28334430015576
1.27770666390812
-0.260859842982894
-2.5438255839225
-2.72185659429622
-2.29250308878544
-3.34983801073547
0.337539824371555
1.53595276182982
0.843976709228247
-2.00838209946598
0.148208890363014
0.47495835133622
0.024967668970979
-1.26519511602551
0.943202859136081
-0.673899445774178
0.205925853844844
-1.52485043679483
0.974734591485301
-1.34528014303934
-0.838188495632435
-0.214417953473791
-1.52442574724137
0.620775756664253
-1.25582649197708
-0.922645738236141
0.19508361055839
0.329907997874172
-1.57565121457744
0.219984726852607
-0.229033568592365
4.03737578475635
1.37048756994899
-4.21630657900068
1.54210502321418
-1.06080951241443
-4.4888061605949
-2.13654600539992
2.20177019937389
1.5451206341703
0.275098353096368
-2.32623015054812
1.43174537121139
0.50903731310493
0.462629520234851
-0.773232468584393
1.61674605120029
-0.0703901272600724
1.06080146307205
0.743204190312975
0.313154417990099
-0.681543840067067
-1.65703957090843
0.668193881625001
-0.364708624952793
-0.747785217133487
-0.689790732311487
0.426296823303073
0.555251800241898
1.12963046947227
0.955066697554918
0.819168676273211
-1.19177137234804
-3.84415435816875
-0.377027322004734
0.229510425105436
2.03354333406997
-0.119656144159564
2.74687912423479
-0.209093176281662
-5.53947870177286
-1.96352790259631
0.141854130349122
2.272525055496
-1.4981871622121
-0.213166771898923
-0.0190704622927006
-1.27640845155776
-1.71585104230354
-0.0410817928734821
-2.11030890987323
-2.83028079014597
1.72231767023999
-1.50412075378462
1.25206283742011
-0.0248076639849226
1.61106984053045
-1.63292203653277
1.09977237102747
0.948353450034362
-0.341477245185666
-0.662975797322878
0.394590574781107
-0.034783278318603
-0.495776900879667
-1.99533616161154
-0.257275925340543
0.618770450633807
1.84837148111795
0.467219206144136
1.02041923785226
-1.1557841915458
-1.54954347331985
-1.33564551266191
-0.455499443090452
-0.288633953061546
-0.541781473555077
-0.239179904803979
-0.347344385383939
0.109879067438473
-1.18508704651878
0.0713152349464123
-2.18885291867165
-1.22864609555837
-0.26291602841485
-0.240332061636013
0.47007207118268
-0.972308175377875
0.973246737120537
-2.03278596577396
0.532627730646382
0.234617993807849
-1.0068284454233
-2.07075847456086
0.572675887628989
-0.184791325265823
-2.69736757873887
0.348593545256896
0.264028206571358
-2.43622832167351
2.10136032077337
1.12303607238498
-0.676230474653759
0.188466268647103
1.16492230901113
-0.455290829430824
-0.701916821932101
0.295885261454379
1.29047395340751
-0.697271484656899
0.132105811649065
-0.882783107996173
-0.0082539288161335
0.0758803793885209
-1.35415655237298
0.100035560320373
-1.20934976532755
0.908546472615871
0.154996280521263
-0.423541421456175
0.167788540211558
-0.249338282500842
0.514170815755197
0.617938284095482
-0.241947144285521
-0.253740148835713
1.36490946046009
0.445541614817371
1.87714841401005
0.148996439794953
-0.57616095817298
2.25636990648361
-1.41812912307656
-2.20697432800531
1.34637626460656
-0.294151880191338
0.19780259475617
1.1247504020607
1.39052536119299
-0.718335944946452
-0.979611101320383
0.209682921851359
-1.90019579668174
0.257260326875459
-0.0597669070494432
-0.734539098136859
0.8821465757578
-0.486175568980623
0.948116989806034
0.176460695117747
-0.35568902938587
0.571205645181407
0.537711271513116
0.954894597592326
-0.00893009080679648
-0.587629122450222
0.518700085075166
0.439879271246493
-0.37013182135393
-0.378893688042857
-0.39081783969052
-1.29395212392585
-0.212024697840832
1.11676543388628
0.572423138246354
0.282525703914882
2.40886881140928
-0.0828904607271119
-2.63643470524653
-0.932775692854248
0.429522322624475
0.99907749291547
-0.661545016224294
-0.446841763305776
0.493927494320226
-0.483079093147136
-0.607223818467831
-0.101248022411663
-1.75268748900208
-0.979406443345041
0.917808088037948
-0.292561208231632
0.267668104003094
0.278700604793917
0.878399334249108
-1.59923771330089
1.00048098915669
-0.348614068904492
-0.449218320869628
0.0258915696652828
-0.350827186998312
0.236242356023312
-0.988697947710468
-0.703295891878284
-0.70341812464242
1.00128863788702
0.557793148935765
-1.19930099945082
1.61142343790316
-0.694373399272322
-1.31898615714053
0.351603115988217
0.131438191671997
-0.501731640757383
-0.441692845358094
-0.0996180019180061
-0.283180784826992
1.11648390794219
-0.711857643963197
-0.751686214678649
-1.14344387282826
-1.01364938144232
1.0789593637615
-0.424317274424441
0.446485727984477
-0.953145348438884
0.193346718814008
0.0579956542697334
0.540014451076742
0.166054599213918
0.0851380471197465
-0.883221880722204
-0.349669255956361
-0.197648572028755
-0.149409170478337
-3.54594227112206
-0.948098201256805
1.93010317218696
1.31964105361139
3.17888020172132
3.91595498838058
3.08290103707986
-1.21483958073628
-1.25232994190002
-0.787917770121076
2.04450962062082
-0.676664756800531
0.42004047713243
0.815102085105094
0.603306173685296
-0.934576014317379
1.43430233893603
-1.46160551338475
-0.0135915368994655
-0.699637572354716
0.160200673749362
2.06724033825384
-0.669979342946446
2.15488875002879
-1.07553257034318
1.4449282397689
1.2614711572344
-1.25730898400692
-0.641514340796234
1.20670768049285
-0.847339172491956
-0.703143121070617
4.53830855037971
0.769374999611299
-5.12020874201442
0.973379973749433
-1.88250937749242
-4.16229034344797
-1.75034798400024
2.34523103564388
1.46720004617549
0.558333188110526
-1.77512131863389
1.66620236024742
0.27168797309637
0.759056360416188
0.281307223211319
0.95343371836699
-0.298829706177013
2.14094663699011
0.297524759864206
0.650395772302269
-0.289213806587116
-1.13719916540663
0.814642220279008
-0.799114421818523
-0.0342529114115215
0.474774190952053
0.219300033906962
0.0884350293325628
0.335277539836188
-0.998129554771868
1.07560342237272
0.240034586096729
0.333723485587505
-0.232091169249923
0.777641114081737
-1.45003052925612
-1.16155436761707
0.585253157197935
-0.585632457994476
-1.31891916035505
0.100376677874207
0.354703471222765
0.471328844224932
-1.56184154210095
-0.0593400162083966
-0.348849823255515
0.635580137571731
-0.37514111084771
0.535423312962403
0.560907059682541
-0.311576748899904
-0.471776414007634
-0.348088927334032
0.653041333041724
0.700628472525794
0.53595949074819
-0.436462105460564
-0.0794630625072446
-0.676072889625265
0.394836994460925
0.933969068759712
-0.216372544396634
-1.46603121426388
0.119589284422019
2.18388622983535
0.599675145711176
-0.759842660492713
0.908394240933051
-0.0217454435409682
-1.43691719241395
-0.191849472187714
0.886111034688416
0.198563124981636
-0.286385634716039
-0.81351311035803
1.30720122745875
0.3611726838086
0.82799039166847
-0.323320861939082
0.842929875316599
-0.442851166654665
0.723187697849295
0.6974170116146
-0.616836318526548
-0.0949866685752343
-0.950302046930015
0.0621903081821863
0.0838569816885653
-0.401433677310342
-0.103840787401044
-0.34319270252898
-0.460179226513563
-0.664913871588428
0.806727370495632
0.701182268129338
-1.69196481115023
-1.74492547916205
-1.28297932458752
0.66627523929246
1.32052342995391
-0.0303239520764766
0.301497033870402
-0.524885908862249
-3.25168347486391
-1.10293058617881
-0.147927981342887
2.23244614213421
-0.976849862386238
-0.385973355381241
-0.771137040630129
0.363726447744385
-1.13820793651397
0.93074764625481
-2.86375594935516
-0.967240478749553
0.0162739356831002
0.131614632460935
-0.391541450364019
-1.57149833524911
1.16935717447599
-1.15689815826071
0.743035103680108
1.08159448817054
-1.46319230870154
-1.64500641415483
0.298131514984555
-0.821638267492583
2.27237830204006
3.20409615181249
0.68848447391422
1.60301416570931
-1.82557851705332
-5.01891758152432
-0.637441196420642
-4.88830560928035
-1.94062949792127
2.251271209863
1.31032526367599
-1.94363674859745
-0.258209986374691
-0.226567934153065
0.315122103657876
1.70586342795398
-0.947844094881944
-0.446113211832317
-0.735882474941046
-0.926605786808185
1.08442496712912
-0.202932661607726
0.782814018007833
0.347862997971814
0.0877337088962965
0.300586541109132
-0.0194082894621986
-0.130247434014388
0.678649704205716
-0.173135076622274
-1.23892755619008
0.201906375049482
1.85700172079071
1.69787057875819
0.142230932238949
1.01840148388497
-1.49059993664516
-0.635181646950493
0.435335593640696
-0.0170145779861479
0.461660660963269
2.02288861297952
0.0316708353599733
-0.866478351310847
0.633293340121515
0.074605635651546
0.386091309746893
0.206981984656372
0.42661713929904
-0.508880725645649
1.80292625940598
-0.0213948853039095
1.61046718585591
0.134954554940144
0.898695331588475
0.993985744929777
-0.450612253202349
1.04452350112802
0.340861596921516
-0.496627540086567
-0.333669173006391
0.919934800362261
-1.31166144742095
0.720550990245877
-0.0974346021400692
-2.24312711791613
-1.32130294080622
0.351919364788881
1.52084635006641
3.06752894978405
1.29490968745275
2.45708716173959
-0.0720042338580057
-1.66154763373254
-0.353763985859345
1.78653499192471
0.439108838173476
0.900322826776781
-0.22426675601916
0.161781259179944
-0.245409507208132
1.72985561446749
-1.25022141235329
1.54159503979734
-0.676379052884726
1.0501994910175
0.45637307686133
-0.264125744289819
0.514231550104475
-0.106323211355662
0.416942703649695
0.784049071675919
0.104290695260582
-0.379956706301922
0.807658148774639
-0.914819777173224
-0.085107534567729
-1.60299160340481
-1.35251481250718
-0.37829885464128
1.22740121046066
-0.344335858270693
1.5587549978652
-0.41141450314985
-2.14152007681011
-1.78387810224169
0.675954406200001
1.17723592557743
-1.72435007355406
-0.393125441473937
-0.715581930351499
0.295450186247024
-0.280719922914782
-0.130811577065057
-0.83474878437781
-1.41294290994701
1.39461015990514
-0.419943806886622
0.965615069892716
0.191022835951074
0.0607637741844767
-1.83929771682172
0.461216844623974
0.498691467152212
-0.136897163116522
-1.72969304998714
-0.294700252958436
0.0202425975355977
0.67103066151153
-1.04590682341069
0.35999414099514
1.95828589599846
-1.87607030846653
-1.00011063035046
1.27647237727375
-1.05288962988969
-1.08811962193147
1.62877117919741
0.597569378934346
-0.148918915780995
1.12161177781338
0.143439985298853
0.0208444968891944
-0.0513734794194963
-0.0301909080082479
-0.52537218612935
-0.225177581741933
0.291190364184662
0.179282898053599
-0.194354162377344
0.717765902021632
0.163555240076376
-0.528651794516966
0.62133451545739
0.0603639868162297
0.252049705505814
-0.0851688623376547
0.333856928125962
-1.06684089671643
-0.332897727146206
-2.07217444908366
-1.02890904415715
-1.13719968208461
-1.74662701393276
1.79581762713568
2.22327752776528
0.692483214078094
1.92760956566814
0.232467482000597
-1.20649046442251
0.118951344229888
1.25981108133275
-0.170541215898583
0.489102735260737
0.349036301293477
-0.906027286214555
-0.172220651833381
0.394355393743846
-0.383994498387346
0.440814914090246
0.325188043709912
0.379429414825433
0.27182776505244
-0.306156471485122
-0.299486298923278
0.0520662001663665
-0.0742636588358523
0.806348728144236
-0.284215065232198
-0.0319458881460068
0.94736326328825
0.586235652025875
2.20622402777291
-0.478715583161535
-0.643309750354544
1.79045370681136
-0.965257976391088
-0.659474891555611
2.12742078425571
-0.792923566825037
-0.89621442789887
0.321866725935563
-0.0705954576682317
-0.887935086348826
-0.260258026133709
0.641614189101659
0.3514528988702
0.896000718304207
0.0826999727490021
-0.257328117808388
0.0965159539239279
-0.538697023661258
0.989074518633937
0.732314512266442
-0.13857532661152
0.448167704119218
0.605491668270334
0.28841076832798
-0.0150226972410083
-0.456634084436598
0.0678766370354719
0.0444396642958996
-1.46957603025166
-0.844134030159341
-2.77025403311389
0.465710750151131
0.254535764158919
-3.51717829110005
2.97727197619597
0.279715156000858
-2.14407357741605
2.17134413327703
0.0758894959111696
-1.62863176267437
-0.580113204030551
0.818758265214795
-0.0619059634606463
0.16834315720385
0.671016915679371
-0.0166810051978352
-0.859519540158108
0.515481535235854
-0.168932830271715
-0.0633724893442089
-1.75087546385746
0.585004618004892
-0.666901468053516
-0.356125068945452
0.337779784953423
-0.856840788455782
0.0386325076413653
1.40966525382677
-0.516278211419224
-0.340262090279179
1.37130871910455
-0.509561171811645
2.12296213433644
0.346245179048109
0.077150971540618
3.41782413075837
-2.9977400927719
-1.37916432002087
2.43452338435283
-1.15836968921798
-1.2981598751339
1.27824719207262
0.0680846906925638
-0.695818475396693
-0.372281821797325
-0.145956944946592
-0.926424499316665
1.58367234014734
0.869028586600357
-0.87454224084306
0.91161341450295
-0.233871278662576
1.37842425571204
-0.203718348110671
-0.319436310740311
1.31214850777078
-0.256560383698586
1.29479521627119
-0.526003039580505
-1.33971930412661
-0.381876641486023
0.16883674559984
-1.19512126599608
-0.825040420414995
-1.04352352502149
1.45954813429173
0.277993504942167
-3.21116676788603
0.926967486281318
0.136628761727295
-2.2853424978031
-0.940359188430557
0.664127017124221
-0.0647563347246621
-0.197579262991543
0.111865671034831
0.820975406050525
-0.00704056435277339
-0.668820959128473
-0.0688229829212524
0.511976570557136
-0.150920527523298
0.140142484455521
1.24427081010235
-0.845755810381364
0.30813070259903
0.628818864271443
-0.348468715862884
0.545246545799763
0.0951566779614882
0.31894396702741
-0.427705361298482
0.0918277825146768
0.316782558642659
0.380307860382179
0.617478353594409
-0.188618480103655
-0.574728391852206
-0.350312178529211
0.410706011385348
0.422748094972445
-0.407660371846988
-0.356642994838699
0.428243135471883
-0.354027175521588
0.321546477709462
-0.364666976879261
0.730892232473709
-0.366431699744873
0.13362404802818
-0.120142490266714
0.436972965624586
-0.184324374387285
-0.207563029351184
0.462816290814551
-0.772433609908852
-0.711351400603965
0.484483630607515
0.823531438301705
-1.08689351983852
-0.508488590873633
-0.593791043875199
0.806363241175227
-0.697263970050202
0.659893279851555
-0.294544292754602
-0.838472741655938
0.509558531761338
-1.84188365975635
0.973438833044897
0.0733072086596201
-2.15691084707499
1.73778124770868
4.81463084324599
-1.10623703959141
3.05544442592843
4.67197934728835
-0.300241123075165
-1.02082360426798
1.11606978707292
1.58876002302534
1.28789356316876
2.32049980394816
-0.42944237574496
0.721904317213804
1.33952069646297
1.24052200147183
1.15081529507511
-0.712277666167317
0.53684942068077
-1.48946584827961
0.287025743121349
-0.5736882825916
0.346363055765164
-1.24808378342228
0.708269259451768
0.19978743599727
0.329210877630329
0.345988596923268
-0.324035023598189
1.64159475393834
1.29403688011568
0.437843421017023
2.01329798452281
-1.08246266144126
-0.499016735091048
0.820764568454679
-0.746060182128904
-0.158590117810743
1.22186150758103
0.313101539053263
-0.00230455877628402
0.290535954263853
0.537945770165869
0.123658575592551
-0.415292041645785
0.664757027399164
-0.729661529468727
1.11930360203329
-0.510303682421395
2.40475457718844
-0.367500301095506
-0.313457314566012
0.358580059860571
-0.335950696957978
0.516270329882915
-1.02771746084308
0.806771610513848
-0.281731560309177
0.366269055241071
-0.103047558926875
0.270117645733628
0.00929636746224215
-1.12851750974983
-0.68819909391673
0.101626246622459
-0.23871589373986
-0.787118951145516
0.47450205014317
-0.17720064720483
-2.2082301678598
-0.615506558710477
-0.190941105603357
0.6546989960571
0.467409276601121
0.669961625275025
-0.91565175407401
1.61029501839123
-0.578118359499451
-0.696370981414291
-0.947288467718809
-0.121160667065661
0.912792627455668
-0.347041580235667
0.368265100919676
-0.798429469103537
-0.589402271289115
-0.332466634073528
-0.350128708833044
0.653208306787711
-0.456796758504067
-0.214696204662075
-0.420632277020301
-0.162724905133975
-1.22907861823074
-1.24067213460263
-0.590550720044704
-0.525682722922709
1.18702249989305
0.576908991243192
2.31252457014317
0.548223786941569
-1.294908439533
-1.25769139401926
-0.336581379214192
0.96513274146283
-0.797468161391704
-0.509798611643037
0.363242773147244
-0.325284096650337
-1.54186978466588
-0.0451804727214242
-0.292276032700065
-0.0952238597809612
0.630927237910581
-0.816717152946038
0.105798434194756
-0.521083032879292
0.520702626095744
-0.0993622177551714
0.0509362976286762
0.297526505260594
0.378218701809204
-1.29451518257134
0.000292030902759228
0.0497850038707711
-1.33012819971562
-3.45607275239159
-0.117957905091545
-1.52448918970126
1.00457455265614
3.35134241457587
0.26202613896325
2.39508033983681
1.35460695794701
-1.98503752462326
-1.07952042924949
1.88912085409015
0.184593798553495
0.296614361760174
0.261251353587278
-0.613750759514575
0.139293384909078
0.839477954506226
-0.593647615816423
0.958968565154444
-0.973155761945017
0.69089117674966
-0.616588754279614
-0.283499558496649
-0.692510989817794
-0.374457922776612
-0.173351865761896
1.218346708061
0.416670788002322
-0.0625853591393366
2.25562879388581
0.109266785610516
-1.02914180468957
0.377571527238692
0.42078790895478
-0.528916518061576
-0.40417030965702
1.56294016008471
-0.451419522339098
1.00656694515013
1.57005772695051
0.412036808589528
-0.424403621926821
-0.101953453577634
0.736965074972894
-0.00715543791784005
0.265726865687841
0.0544962339824246
-0.342875268002576
0.989363081030488
-0.0262644018869232
0.654231819233844
-0.35645223264551
0.724873446507545
0.00495942965313629
-0.0270201477881395
-0.427418694184902
0.460024948287369
-0.547617478263518
0.0341980562519787
-0.176484301176219
1.86254553765838
-0.00230880238856513
0.811429958231659
2.51232946125152
2.29880675892945
1.39462382400866
1.38313072763683
-1.39791165165994
-4.97913350354075
-0.532544100128049
-4.42941462890325
-1.82042538476726
1.84133792545592
1.1773635057336
-2.73955481732619
-0.0445132216981483
-0.248692363615846
-0.366866398101592
0.860266082517615
0.247792550028173
-0.754282032455308
0.708761897840076
-0.839578210350798
1.80291658841044
0.0743391878725897
1.13593700353334
-0.0237381023378179
0.648909888914244
0.431173189301594
0.403546383214976
-0.0649536593924711
-0.200158683820789
-0.00093104702447401
-0.64284525435933
0.369029282889488
-1.05214341061076
4.45301013662319
0.540351997450991
-2.7394198948971
0.943675255330365
-1.83724060781413
-3.52704837974691
-1.12972465139109
2.28928526999306
1.55125305002647
0.869912317987382
-2.05962627799935
0.940109606640086
0.684591538855131
0.659557617819096
0.586335696518608
0.651965895312074
-0.436399819532286
1.2257480591346
0.0593069871367494
0.520561915263778
0.624731907154467
-0.45029741834241
-0.249266351644756
-0.835304025523742
0.864297019064476
0.25078379346106
-0.405693853563423
0.00468664266363107
0.956776043341673
-0.638046484205346
0.664292158665678
-1.00591340977169
-1.41432000342297
2.40099777341478
0.789927571453983
-1.01725160780463
0.610401022478744
1.14876725472983
1.01571038327171
1.28778345338979
-1.18324185378071
-0.435747563984847
-1.32702590695447
0.0324542076274557
1.17874769907616
-0.309232746451597
-0.126163304984075
2.01203357996202
0.475643763736091
-0.0446863764462716
1.11340660769468
-0.735872362671095
1.67680376951387
-1.01310321445568
-0.283797528842282
-1.20077440441892
0.283461111521952
1.22411344707883
-0.192028535629491
0.566681837484973
-0.114569666963971
-0.246768306078421
-2.07253905920107
-5.85940014041316
-6.62283511128296
-8.71155303856055
-3.8428072754917
-3.62139371158082
0.817201253002216
-1.09133914649271
-1.46724743158549
5.3802515651513
-7.58746245528188
-0.391727208368604
-2.20320101938809
-4.67612247962003
-6.88827974516411
2.3244144342652
3.18168405015836
-3.28169717811932
0.707109433681699
0.179283108467821
0.555890438726986
-6.5920551031808
3.83153369799486
-3.59018037084596
-0.332040715654551
6.01213168306048
1.85635718636439
-1.65350770707405
-1.53463524196547
4.02853565966775
0.633358468049377
-7.298800099897
-5.63911996380985
-2.49101218566281
-3.43710969787208
5.17349352688285
2.92176588759008
0.610660463375314
-3.77423379649315
1.8980358358426
0.0336034128647176
-0.0626856992216791
-4.09039029131543
-1.58259619202858
-1.37230263017618
3.13138860545878
-4.09717847689255
-5.14349879377513
0.905668729001312
1.81504345190628
-2.84994422425579
1.11679956954147
-1.40531621287553
2.58071247155152
-3.14913936433797
-0.769147008843699
-0.389516062803084
1.42592959372283
-4.19638515473104
0.0127873726544286
2.81451365695369
0.412452472002993
-1.5479562610427
-4.03266055455515
-3.50156060599029
-0.781929973295909
5.56453359137983
-3.45397196303122
-2.44793169336777
2.28933529826176
-4.13512474090276
-3.27739384861765
-2.30903542076265
-2.40960636152002
3.82258596522755
-2.28273785011804
2.01667924525811
-3.68921099433373
-3.79336476088201
-0.620560402727228
-1.11009685733037
-2.0206640859585
-3.25696365196579
1.77115222837594
-4.73662630992086
1.86168128957971
-5.17818722755095
2.60482228677689
-1.0396660081699
1.51227527682224
-1.94695097488469
-1.92799271587421
-1.69996210958092
1.60440406254898
-0.680237362982628
-3.35876697918598
2.98032692923409
5.28674119842218
3.73770169421928
-4.48478185492622
-2.00207883011887
-3.68534735370568
1.81232839224708
-4.19785415461812
-1.32464657056227
-7.39838992602858
4.20056701949329
-0.257159087654876
0.876790347403564
-3.07184144573776
4.3218836273151
0.0462510172991136
-5.9202946520762
-2.81731867369605
0.177302297282822
-4.98493428967452
0.812206984438917
-2.38720198085069
2.09454512980551
-1.42834233238973
-1.27925848604068
-1.49535496221165
-0.73294642466242
-1.25733901753873
-1.74399299294263
-5.29507987523024
-0.865407087613921
3.6957478150317
4.55590425065294
-1.02505662337456
-3.62625209379318
4.02701729304613
2.09372749421711
-2.22934140501756
0.434095004889372
2.27198334089682
2.27125525685895
0.0681236044772115
-2.68414701922812
1.59336239864433
-3.76207979995698
2.91404471198828
4.90428087595376
-1.49643557539294
-2.26572164949592
2.65782209921538
1.41024372222684
-3.03247918897354
0.635513848197071
-2.42803680074857
2.38800977034901
-2.98982311432195
-0.108492943538855
-8.28220839672262
-1.41894885298738
1.7415337024565
0.584138584098264
-4.12911054430634
-4.23611755793017
3.71867519367988
-2.45687232251846
-0.639402694004263
-1.77698256597429
-2.15510601933503
-0.705809771630763
-1.63979630421736
