50
50
-0.150836863406491
-1.25417220858495
0.0469489917843118
-0.500889006276481
-0.334604924522654
-0.866014428778911
-0.691979150970354
0.150618603849841
-0.128433564287867
-0.0839476414354583
-0.20554499846229
-0.504528617196729
0.260469431620087
0.182700811947433
0.484811228161564
4.04926034516071
5.0186040277237
5.39302732665301
4.3738343400477
5.7636570661784
5.22247853310743
5.35191973604266
4.45231078173335
5.59230716691124
5.08721553024638
5.17611990282842
6.50876126011534
5.46775619958733
5.37505544194268
4.78060386755206
4.89246172330606
5.27709021218966
4.35399462311753
5.11390079957884
4.76322390299999
4.99870929375074
4.91433972107592
5.18011882078169
4.55297827892305
4.60429399843609
-5.12568244590659
-4.96228668845722
-4.99446898581815
-5.09419349252494
-4.81866824215184
-4.67262982044325
-5.4405543325943
-5.18997792917484
-3.96613359177905
-5.53352661747658
-5.319352423002
-4.64810839013902
-4.1826061514718
-5.45818898049872
-4.17061458367068
-4.70492266740204
-4.67819320882443
-4.60136715696269
-4.41316255446763
-5.25273185588774
-5.80417562801523
-5.20475052722764
-5.59661571600582
-4.31079370337981
-4.33330073079269
-4.99668732223182
-4.9108494554715
-4.27980628380068
-5.24606581414237
-5.46126781578955
-5.19245932055292
-5.11089109284762
-4.40050577667084
-5.13844962834307
-4.71426473834479
-3.50910770363139
-4.81651450459035
-5.22215771861909
-4.62064458622903
-5.31126128496444
-4.87027183511091
-3.85399802077757
-4.63867096311567
-6.0220639908343
-5.8609976467272
-4.09021094411541
-5.42605676016891
-5.25094399400899
-5.17881535838763
-4.59298242779309
5.72839432092364
4.38480873045076
4.4652067485906
5.84738864892478
5.09538029755937
4.90051511822026
4.95136476866747
4.41571870182653
4.28470507041027
4.39262265440252
4.89399236824601
5.26459152926818
5.67207302151113
4.87103087325435
5.11289623459117
4.84855261848948
5.22353622096778
4.87689296920689
4.46001382499502
4.26850525856115
5.63177654350372
4.73714357036496
5.32785001243808
5.48576603040119
4.64351278942026
-0.451069402133852
0.389604155591659
-0.748002676997318
0.008827161656313
0.0360082743982326
-0.0829553784752323
-0.0907431901914308
-0.11516737154015
0.119517119801244
-0.132179080155483
-1.09892569684088
0.950549818345624
-0.120417506842774
0.0560158425639627
0.556285136300099
4.58755126616483
4.86752541897303
5.212256889761
4.92068437057718
5.76208038913089
4.70233497881865
5.19840128504803
4.38652446010507
5.09884024963795
4.19458852323251
5.3406932130578
5.0242585332996
5.35420665381463
4.92946702503856
4.89332315439947
5.79810945704313
4.80852595690134
4.72303548827786
4.02740157298741
5.36476820405823
5.29006352264195
5.26874695737403
4.11644450477273
5.28478864471054
4.69089787459319
5.04298888059692
5.03512070652369
5.13348703013386
5.01488619634578
4.96718034432094
4.36129635826468
5.20559674186106
5.3290182601873
5.59832048239311
4.90557711110931
5.11003580813442
5.41864512892133
4.31276475713422
3.962932318293
4.35246099615402
4.94643118486639
5.22662655517093
6.22396369696988
4.58966062144944
5.54959444120203
4.69549994611698
3.74724483920682
5.02967998566985
4.73784797739223
5.14120840476438
-5.54644540366947
-5.44428094310748
-4.36897373336447
-4.36920844433263
-5.21420812294392
-4.67831524009796
-5.83658829563818
-4.67535468734061
-3.95791634026667
-4.92208420665401
-4.66736913386856
-5.38758306213343
-5.50481678371813
-4.68257931690695
-5.48766254818065
-5.21962220789503
-4.74094963473029
-5.07624527227685
-4.94578318963653
-4.59881550313266
-4.56789318970369
-5.09321499811798
-4.75798113718781
-5.31349995658383
-5.1048375438108
-4.6278064302281
-4.82893350509476
-5.73993847890214
-5.28344328736038
-4.68823945897507
-5.01293696676453
-4.1108173415949
-4.04862813396499
-4.56519457435447
-4.57426503846818
-4.28018700237928
-4.9679900849876
-4.7395461840547
-4.77786214207539
-5.00574955888043
-5.46028389131071
-5.37493605259381
-5.80402914318036
-4.10566973738069
-4.89897341035921
-4.1479746425467
-5.79824079276539
-4.41110556589245
-4.96358654477017
-5.46066982596788
0.652340166268008
2.38601764336717
-0.585282569167516
-0.0825548495322246
0.908863781286419
-6.13209058308964
-0.269934315925319
-0.0988041149017712
0.18966494419265
0.211358969027203
0.0355910280170094
0.279942336523013
0.28874788739999
0.231545518486822
0.177586185968467
0.56985973146789
-0.116468201429459
0.133625256521252
-0.189768833528276
0.17861851719611
0.107897000480829
2.88958937771062
-1.82575137677109
4.90232642751243
-0.759423005104076
-0.577198302118928
-0.25007635251897
-0.0908331393637944
0.990817823438291
0.928737323716974
-5.43258488349253
-5.19126478786067
5.5068181634723
4.96287213258688
-0.847205089768351
0.0965567378152879
-0.587179576360877
-0.0928473545964618
8.82275539549124
8.0282753589907
9.63422251876886
7.07195915694288
-2.71813278076672
-1.94302953461521
-2.84327445402997
-2.47313353657828
7.8056165213566
6.69303086746976
4.24032046171812
3.22130543638188
4.58243042169308
4.53915716307605
-2.79877623216696
-1.46629326134983
7.54388335106622
6.833849587603
4.23249101376899
3.79766163384827
4.23053683508487
4.32914012294139
-3.60804388974871
-4.11157719358135
-7.59642695949035
-6.0505100725861
4.94798992132263
5.61941390290594
6.70924684812565
5.16921544040608
4.93327329974522
5.37994831033901
-2.96511901218788
-2.48899135944759
-3.94130162351852
-2.31094864562098
-4.28030100151074
-1.98151662194428
6.62788264613612
6.73832425831408
5.57867715689404
5.20270544572945
4.69977807165788
-5.08806271797032
-13.3105367908494
12.539198131701
-4.82174937203928
4.16309261672707
-6.35589587792012
6.47583516769871
5.96579874171496
-7.12467815543941
-3.76719450937976
3.88120670535359
-3.45356678124278
3.87866308617487
-6.81047144073735
6.70933191875796
-3.3653322330473
6.95302411147243
10.3062899128052
-8.75554962154875
-3.86292243635829
-0.261439845529421
6.87555526165553
-0.0506063557308673
0.126882344914351
0.458855981182761
-0.678358723661199
-0.832846174685619
0.103914710442562
-0.399589491197179
-1.81522385521606
4.66214766000676
1.35725179385366
0.741068075586923
0.138226600533063
-0.863507294556114
0.852218701648444
0.039357184246055
0.434313845633897
1.7737973092157
2.01727790640509
0.20753751216292
-0.256646115726015
1.38455583887231
0.220832999623459
1.39472177831937
0.179465975538643
1.62334742655927
1.2314622682476
1.13413916447942
-1.56960956739918
-1.97705658159444
2.14118023429384
1.62882800816264
1.03758936593003
-0.126777161881858
-0.748424086063732
-0.470085218050032
1.55503110759017
1.12163732698853
-1.0535890719043
2.56360985827971
0.714285121342558
1.20457747323063
-2.68490957321005
1.29756437553996
0.80334603298545
1.50055185705315
0.776817258713609
-2.56648399906579
-0.51600086240477
-0.0587528091681792
-0.407970858718372
0.02736762553757
0.292229295527908
0.451454859379601
-0.940317994889466
0.311401013670931
-0.54712235279761
-0.776669418570927
-0.104508697800825
0.286027396514106
-1.10808875594667
0.286160679129706
1.52131280277716
-0.214678029650509
1.1998082302768
-1.33716536287843
0.0601903538087828
0.581934572072764
1.86822077518274
-1.07945500211111
-1.45560458931057
0.44915188553577
1.08390086979114
-0.561615453772773
-1.63437331174641
0.333824666117726
-0.890921000647101
-0.75189517140612
0.178983391553131
-0.517619815260042
-1.26796166303427
-0.0438789328596754
-0.635124543276314
0.303285325997116
-1.39344399441514
-1.33234492714663
0.224447539558601
0.443124330268531
0.289704145264262
-1.32844251413074
-0.963505806476585
-0.431807629567037
0.314349825873795
0.60191590300646
0.457966646307936
-0.428721724201697
0.532592550508531
1.21310123513737
-0.456165984288093
0.271113741565409
1.39529989437154
0.17855892981429
0.872479564592229
1.17590604213975
-0.413299720280971
0.818324797840974
1.10353698749071
-0.286346986443447
0.0184395178927555
0.579652699555269
-0.0420151945065407
0.0767307633728247
0.740999909150034
0.477519445948171
0.0646670856132618
0.146440938299505
0.0449618514737417
0.194967336814931
0.46673837995954
-0.345617689669741
-0.261376639823355
0.170493564455906
0.0589239383362235
-0.233993293198064
-0.727790206863055
-0.819948469429931
-0.648661469912858
-0.186712837966998
-0.265511060581719
-0.779525928549168
-0.0664171652687438
0.569668963921056
0.00458462288502588
0.327966052275852
-0.462805269395623
-0.700676062386127
-0.141230572634198
-0.827245848068217
-0.60476996925497
0.262522679179753
-0.829018718341518
-0.370939827488648
-0.556552553785522
0.0889946940013512
-0.356325516555194
-0.160791807651796
1.23070656282017
-0.0379408350505984
0.190428447660415
-0.227263403856466
-0.140799037931785
0.25041065040566
0.125143665175443
-0.464901977178932
0.365730441268298
-0.551730176407531
0.174593359540338
-0.0473640151161367
0.0561884927265719
1.1323886419632
0.672653637561477
-0.0206896067562716
-0.527784263545515
-0.477291974486878
0.149835367161433
1.2062739058027
0.760885081928565
-0.488431874715039
-0.898658723590788
0.499167087229907
0.585892542174116
0.169988262313905
-0.229752751638807
0.366010520250845
0.825250384030585
0.161879473947171
-0.339320660076627
0.158299577845055
0.304746448251722
1.25414413343234
0.50041789099433
-0.108581049732598
0.353163689082041
-0.271303267277313
1.03895724183399
-0.0184107528126275
0.735784902179771
0.0298877351084085
-0.607755764288579
0.924644709295013
0.519551864328389
0.183471743352547
-0.398072706908139
-0.106827310637597
0.359465224406921
0.696137958124883
-0.696665967765048
-0.758481283993347
3.06225130709563
-0.635761966663526
-3.17060120877811
-0.0384398139542088
0.435614632217331
0.559712241571145
0.14353873615746
1.27501440293594
-0.228247339873505
0.458381343173317
1.34442648378186
-0.236789943541449
-1.66115163045495
-0.943859101229072
1.1183098050946
-0.76595698275364
0.0795280810147225
-0.151931323145719
-0.00723002429738369
0.655120495930239
-0.792352718883447
-0.325438583746278
-0.531499207840179
0.0268392487317369
-0.358175810940626
-0.0692105432379375
0.218068002837282
0.385874294007617
-1.02506158876247
-0.845146637309156
0.28106864314
-0.0731797988459108
-0.168236232527697
-1.10546472328754
0.129101003896925
0.29580199762114
0.781829167395986
0.195570602271664
1.57337964378194
-0.0124409968000074
0.729795447453372
-0.407167482116911
-0.0855228824930308
0.196177053295687
-0.599295591915972
0.292247973649258
-0.932903852633851
-0.310169565655817
1.64480529646237
-0.132457106647613
-0.380715749375126
-0.344870496222722
-0.17509330340766
0.715368755679017
-0.551766615431375
-0.00323871370936102
0.0996402797238906
-0.8911426804043
-1.1121552865244
0.0568489499286227
-0.564852812341169
-0.616750719793612
-0.218986047260349
-0.473805185539637
-0.360150646143315
0.616309039930892
-0.610287791746114
0.520364179962263
-0.0740265227143219
-0.411908854916344
-1.0310010785316
-0.592835781598905
-0.200170149207281
-0.459644625257459
-0.605259163095747
-0.958336269849722
0.191067517321717
0.145363674431746
0.0403491484048545
-0.260802796157066
-0.182182528408706
1.09420427484934
-1.19077383587321
-0.842949457551497
-0.535878578521151
0.739717700424293
0.049446968979517
0.566381588645282
-0.956712170861263
-0.635606767990202
0.150950878152989
-0.198423860309852
-0.125704527072547
-0.539911006236628
0.476554340496696
-1.2343414711324
1.10537991401038
0.255782037140988
-0.779267741052238
-0.233612401145551
-0.333156076921482
0.328669486668645
1.69091712291944
0.00576078231660978
-0.602795317037645
-0.357407723627837
-0.171102359351802
-0.284490789678495
-0.175933052154904
-0.795151935579836
-0.84810994544308
0.0805861943581011
-0.318600941189482
-0.0970611304256374
-1.09687651683975
0.183175427545491
-0.457854652331946
0.13690833663187
-0.173242440879566
-1.05424439896714
0.612856790547191
-0.358921477316422
-0.336965062678942
0.0826909612425094
0.812782084440106
-0.647106896358774
-0.202411902457635
0.814749489244245
-0.261056159807475
0.46436737991888
-0.0681563363176763
0.384559721795182
0.100427602309428
-0.0417782061966147
0.129882425049231
-0.5814504418778
-0.09751690654875
-0.8410702852927
-0.35023586632152
0.469268151499876
-0.680640310456538
-1.11456752428519
0.0110227059023513
-0.477329258198937
1.33044520213285
-0.0459427232506971
-0.570082009604751
0.238482458851578
0.131741181216802
0.292783250313007
0.643167613705546
0.90322673273811
-1.6250212895912
-0.618352070978601
0.279126034627579
-0.0946502274291935
0.706932972933847
0.996436043683039
-0.354822569673697
0.47165408481926
0.597194564374551
-1.38363459461256
-0.522952876110394
0.521024561787566
0.32397655245735
-0.399206797459985
0.642749732456795
0.408671751387447
0.297622016488303
0.665284919476253
0.208083403619926
0.505655351809955
0.0218740163643208
0.705335625337573
-0.123860064055823
-0.179888031913142
0.17843611933612
-0.660288223820367
-0.677598658880705
-0.615456411720182
0.548495623947389
-0.270632657247141
0.115604931390175
-0.438054167236609
0.354007076885367
0.522270122128012
-0.0350167628527172
0.343664859376201
1.08599493515753
0.679067594438505
-0.0542421603214077
-1.23638917334555
0.364846580479412
0.19322959218454
0.584568714467216
-1.23157478347134
-0.0929242676784786
1.50304287423007
-0.81318305407107
-0.483736480227783
-0.784278620272829
-0.338627212746769
0.344985938785568
1.23226039944573
0.0414039505483011
-1.0186443575982
0.039475216656967
-1.39629446841062
-0.810463398226432
0.421638048514822
-0.313870840195674
-1.340797824401
0.827697698526055
0.721635381667087
-1.36532353553033
0.8698491565679
0.205971973984327
-0.532300479481651
0.0119276331130126
-0.555888544341135
-0.377466450259613
-0.224834872939203
-0.175011310176004
-0.186582847567943
0.0432130456453107
0.497641386330147
0.541652089623632
-0.408396677425918
0.857350799754886
-0.384843863838244
-0.583156279421868
0.346797819351198
-1.04205960254497
-0.108653742201521
0.686662772262475
0.960909152584695
-0.409212761844428
-0.713586362970434
0.140021599424959
-0.212749672489512
-0.280019680692476
0.573501076255381
0.872037420918293
-0.278450042815016
0.858924289213681
-0.466465622966098
0.327872620624378
-0.418628045789913
-0.823982121968327
-1.34313728374338
-0.667298017279532
-0.154074206683066
0.315417732651331
0.313624105767253
0.135135539694368
-0.0631878491214098
-0.0421246495151675
-0.859779139926234
0.0295324382707796
-0.175095439520507
-0.44953885509006
-0.596011411190055
-0.291728825860561
-0.0728260658228868
-0.993884191856947
0.303609563746043
0.365677892111365
0.410035304160518
0.0630567966249147
0.295509908524651
0.523716863170342
0.00423809115491375
-0.601323426598065
-0.882668601290268
0.634936053078814
-0.327501968833333
-0.385938394800761
-0.582931851320433
-0.10531369667065
-0.29690402950599
-0.122245067595689
-0.316771582236104
-0.445345418022724
0.429596842740245
0.891727839026359
-0.0742146837212891
-0.0434173470800654
-0.418470268174945
-0.19911529510681
1.24459047441244
0.72608730662187
0.648393467760136
-0.0253192057674642
0.261921912184023
0.0477182953186647
-1.18652266006525
-0.347665094872627
-1.03776781034646
-0.797721907582766
0.340773685935354
-1.02165695446565
0.18535258046893
-0.198692749574265
-0.607432167025069
-0.716307471006467
-0.0832614106367294
0.374121095372529
-0.680323449479806
-0.496995085421394
-0.287499516373978
-0.0712041751521527
0.283590546894799
-0.205196717331805
0.25075987004147
0.14383452124148
0.109907392344639
0.448886464445153
0.0370305386406638
-0.235568719109063
-0.478212903985981
-0.293553288365024
-0.345341224830026
-0.795400034255697
1.06566915561743
-0.244773733360199
-0.0823861989208291
0.482093757419114
-0.354512287985016
-0.572839823099038
-0.730513593445522
-0.809364086612266
0.159609788176793
0.471245257067483
-0.0338609881917225
-0.277660565031749
-0.0618458197572223
-0.0671816634080049
0.487984215006617
-1.16610256259618
-0.541893882184879
0.0279235305538784
-0.630880311780656
0.654020909689938
0.59290939843123
-1.06630385292891
-0.24966724432999
0.682133812334498
0.312039604200016
0.158597450174139
0.992963731976623
-0.682433128982594
0.627080779982143
-0.138637382423215
1.27830816321538
-1.25710862708034
-1.05132146024048
-0.409713271948586
-1.993818553872
0.0810815490813331
-0.00783265213689198
-1.120674467244
-3.79738230745677
0.888180436278734
0.995462314432395
-1.65648061928004
1.48048824318592
-0.380725474240178
-0.252156911454345
0.00268269475912154
-0.589068222596551
-0.365164402758493
0.7315074385757
0.262535481019807
-0.804083355773088
-0.38541387161712
-0.580596909437294
0.852464012876242
-0.73833477709936
0.0687326285418833
-0.669860458423795
-1.21456955690886
0.681991119170634
-0.546494872330777
-0.563430716903698
-1.43476354960978
0.344037566579771
-0.608469295607053
-1.19240750324432
-1.49079849436658
-1.15865710885512
-0.331820168413161
1.80942321935539
1.23560048611542
0.12615609832867
1.6383565913762
-1.7491649274002
-1.66972765736105
0.412320291480081
-1.80129429397815
-1.53509555994558
-0.258230313397622
0.0684910002097899
0.700730971177053
0.13056947938197
0.553701649959183
0.334305627168687
-0.0291447958397302
-0.336819304833568
-1.09953598341295
-1.2652995684445
0.281266247305265
-1.06235154335668
-0.438091736377591
-0.95795658771337
-0.337675332961627
0.853391394740582
-0.143072036720927
-0.601882747076627
0.892308281140656
-0.0970357364387473
0.288726528855554
-1.01196782332826
-0.0979902175101927
0.351627757809694
1.40476777915544
-0.451847194112906
-0.46357506970863
0.580224310762106
0.262584587379879
0.438096274138134
-0.348959751102686
0.47725112299678
-0.914915429152706
0.478984701667192
-0.0692019701670128
-0.24022976611706
-0.863335145231308
-1.00156105321439
0.780160364451551
0.296328509673968
0.0351295065191851
-0.839337229402977
-0.236335480751612
-0.098325457414108
-0.549266255594346
0.10836661500062
0.446998495222717
-0.428098541437388
0.0468622187968318
-0.102149283802642
0.883743207165673
0.225838265207094
-1.24822126989605
0.249641825854354
-1.83729055432902
-0.840240260486371
0.636553760353575
-0.530119746195558
-0.161911270584459
-0.261203541488184
-0.297641202987729
-1.19130282223873
0.839382112340739
0.517740735747799
-0.645878773060385
0.340701379942777
0.127424248354359
-0.243569040994352
0.0982180746697478
1.0922607489896
0.362844691225117
0.411664040136334
-0.236007321024591
-0.461045415518894
-0.532185319479024
0.920537661630738
1.83691211189106
-0.55931981335584
0.532877600197624
-0.250580173743771
-0.252511127501424
-0.492385091382174
-0.203014744286941
-0.534091994234375
0.303106826895722
0.788113616858228
-0.370242165164779
0.677874783217496
0.903342165518844
0.512452940761385
0.165879434848159
1.22047574409523
1.34847838542757
-0.371281791246139
0.986375738606504
-0.758835320051221
-1.13649757693654
0.509207940144238
-1.12036335197412
-1.34641484650263
0.17082578000686
1.46676650185515
-0.766888442481881
-0.728169609588005
-0.177262904318017
-0.611626534074005
0.643823768654515
0.205957815809094
-0.328553073781857
1.38259619041141
0.207043660668114
-0.510070487768693
0.705247298952845
-0.0772152648407963
-1.00292419212654
-0.141773799452388
0.252375337873814
0.780718031543055
-0.0467312725004443
-1.03834904664465
-0.882048664554314
0.617314953964077
-0.415323231918366
-0.22347740308015
-0.802012618396373
0.326565469019676
1.56568979981007
0.368886928330069
0.028369051365508
-0.546533270777411
-0.366100646862538
-0.173843457479512
0.42692488282228
-0.299429121469814
0.0946971550115163
0.908206686071731
0.514523186246023
0.61646529486341
1.36380264449845
-0.660347662967915
-0.0908906254467153
0.969687521294839
-0.17728628715125
-0.480946230534098
-0.00804099985585362
0.205884787947041
0.10312031773377
0.662951658603097
-0.608242464746115
-0.476183065180536
1.61615408012662
0.205815895382675
-2.80375978121322
-0.173093006251231
-0.46408854383549
-1.58181089986885
-0.409262245819574
0.705675114557547
0.447964445045878
1.19678573316484
1.10870107099255
-0.842643553163503
-0.119940930076839
0.230574583008488
-1.83272839817234
-0.158392781120503
0.371780520408762
0.168455211905842
-0.591664585643201
-0.0340760874004084
-1.05657372553118
-0.250106278945506
1.03128640662946
-0.0444413757862181
-1.05524342773507
-0.150148728752666
0.688590069540552
0.667332866059592
-0.748516940662935
-0.246404414683797
0.647531458336156
0.0013721059707602
-0.576471076977068
0.242783680818423
-0.00681384764003499
0.5662069576037
0.487408762964731
1.24427802959561
0.578705489800759
0.309601993639027
-0.0464772289393638
0.458194009958869
1.07093885573073
0.785855989697048
0.202394251034828
-0.311153406466126
-0.444276928809432
-0.284748517948384
-0.293324374166014
-0.280509880234456
0.761125817652172
-1.23314318318076
0.506191522590212
-0.787183767826077
0.895506758895375
1.76642587220252
0.674134687700607
0.0408663865865387
-1.1219651649022
-0.42157923492402
-1.69098843077557
0.31476056668674
-1.0936556797448
-0.77305760645749
1.30580420775876
-0.845683377896876
-0.512807046118153
-1.26054645033839
-0.662132822615496
0.452778356346233
2.44937191494176
-2.59906794347765
-0.840761209896033
2.1415785371939
2.10683806076374
-0.918300130593723
-2.45496213230266
0.457508464247004
-0.519551813928589
-0.253562388074381
2.0096632737168
-2.12450008743508
-1.85534470758025
1.15359852247691
-2.02673991587796
-2.18141259152594
-0.330076579178183
-1.20342052226733
0.0908010013129928
-0.198853053942578
0.00769224067805588
-2.85553301911757
-1.25143085115281
-0.288569113890955
0.532332933130532
1.31883346045745
1.1710146136756
-1.60984614643101
0.509439911641685
1.67941164306385
0.260705870608104
0.194617366698315
-0.217446467422099
0.440083962106637
0.82425244646802
0.720964127658778
0.908979798303803
1.66790562724793
0.695449380482098
0.896601956967561
0.0332061915923931
2.20725883924754
-0.6580603749009
-1.00934199852067
0.745325436986589
-0.605904155459757
0.529772707577234
-1.0422098976151
0.00808540330268364
1.17362513501822
-0.0473944680153462
-0.529907755546464
-0.926459348214679
-0.40518587633144
-0.507936659724961
0.0435188408809547
-0.240735924983496
1.82178449099543
0.638624807534957
0.0408566427271852
-0.344220424304437
0.01368270095364
0.487818174850962
-0.53760653354583
0.351172770630654
-0.210922589234039
0.397579560170127
0.884283069701964
0.738550055809632
-0.161548827279703
0.561887969091667
-1.11555609071487
0.0318676762903443
0.305927173232628
-1.66535309547071
1.5351728029453
0.137279578824308
-0.930412992578293
2.12527158648453
1.24884371115053
0.168229606471346
-0.644293335432127
0.231537632768624
0.837620092987073
1.66689830251456
1.13773280842442
0.0988422623398995
0.0653890239765886
-0.502834550967527
0.113055502982479
-0.574014709972702
0.573140054126788
-0.769084159748722
-0.425250865385006
1.08586826081701
-0.322845425238071
-0.0591563557034141
0.224322025674731
-0.225973914547163
0.021774542190865
0.228930646922997
0.13303745733227
-0.874346695336958
-0.404921333340048
0.107367690529895
0.383592685410326
-0.606698638429748
0.210889418584817
0.474008648402803
-0.130371847092585
-0.801149605366351
0.453578574147597
-0.544881849762895
-0.0411011150824918
0.0761052981602951
-1.10758631078006
0.41946572010636
0.370040611722135
0.00125879534237145
0.823731530936272
0.139724060786942
-0.0480405835707579
0.120583869509493
-1.22709303617652
-0.807209222532306
0.723256658710856
0.222785960934585
0.250794530875932
0.936827264908038
1.37876891555928
0.124587847311036
-0.272252179711125
-0.309243443832145
-0.524133836539694
0.208903137920239
0.47746650235662
-0.173156571250627
0.908782721348231
0.575154164594738
-0.484638826876318
-0.280800747937718
-0.368826029003535
-1.16885319500232
0.109044057253065
-0.383982288704148
0.248448305609644
0.0800133975200508
0.391303134124382
0.456843487241896
0.567910151913416
-0.15365204314969
0.657106319852073
0.088137152614803
0.0684886965536836
0.18645450499354
0.541740946101955
-0.648738654596689
0.312298096312471
-0.689144785275153
0.597112855990965
-0.225168065040199
0.327708972870094
0.08423514501984
0.705589536254235
0.141059744326945
0.787792757790181
-0.585155131746461
-0.307050659089773
0.890387141955405
1.11617314747112
0.213892678832278
0.254861249881004
0.562015635025676
0.277427488431708
0.631726093612213
0.557215219271727
0.017750696168202
1.26514734720641
0.101748084633018
0.622721781033488
1.21436985075837
0.628128562511599
-2.5126335070502
-0.56792653517021
0.419709459549607
0.241348238634229
0.10821313907461
0.102156182070336
0.0697813819760709
0.2210333203528
1.42336249536264
0.00379678743967988
-0.13260139680313
-0.0416267857716413
-0.522740666392064
0.080450695352086
0.678244013629224
0.382721705512003
-0.146382678908935
-0.541893345855055
0.271216389001101
0.393377294125502
-0.283361336793259
0.164551465375766
0.0159372171666933
0.589481227228577
0.237678522958026
-0.368146730737461
-0.821367862933945
-0.0560833248675741
0.901347934364691
0.49187318007892
-0.896343863815573
-0.599410186334179
-0.682598267934976
-0.00308845293703537
0.672915567871449
1.59588200008048
0.524238399465835
-0.331990843203734
0.893834561521514
-0.584600400207717
-0.526565256770523
-0.124918014071
-0.593041088773985
-0.139068136612949
-0.580034369607571
0.593037781033522
-0.0111514336187649
0.0123133143782183
0.639741871866481
0.0941002149743564
-0.765282698481289
0.0874608107793772
-0.136676742186254
0.595918389933901
0.0099657329553331
1.52217804828414
0.883892271575804
0.758667623968943
0.78754888613352
0.422457914750656
0.926170053164368
-0.333692698459054
0.074050893023772
0.506140121442106
0.627845022076445
0.203251001474463
-0.0103116785215088
0.0838436792795653
-1.73288357239227
0.607279215269056
-0.093896007549263
-0.750809381738254
-0.736001196121672
0.906295345882288
0.769214639935565
0.219748006916175
0.389623704443891
-0.227143581055797
0.300696689732613
0.0197242714576089
0.00058833337826463
0.407562542647443
0.87497655733569
0.107808378289112
0.722270689835846
0.797188001577332
0.467760653003066
-0.433221728391497
-0.0787321612334171
-0.0910494965848499
0.14070340380299
0.177924215279221
-1.25009149892962
0.145076361110562
0.0740526369707625
0.0810993196551088
0.0316937914940317
0.437011746412532
0.0610425235561399
-0.690147653588116
0.495066834391752
-0.574090799627855
0.698061987741751
0.868143465195791
-0.239473314025834
-0.570581997590707
-1.11518488534089
-0.137751023419528
-0.0867642890477461
0.229052347882994
-1.79378604103041
0.190611588291115
0.707498741179765
-0.0304947379215355
-0.0197091400170427
-1.58765945895897
-0.13730790514686
0.346487706317486
-0.853112989542634
-0.191491498002213
-0.917458596898253
0.661542659737165
0.624693537250873
-0.376460439931536
-1.04937688107884
1.06640949231013
0.701542519289137
-0.039701356977204
-0.269135948429612
-0.563397311709463
0.886139215636858
1.22172537139528
0.00882444005694916
-0.693604478529866
-0.51157489468118
-1.42597537655356
0.220106159418774
0.670840118258649
-0.981908659659057
-0.487987404761489
-0.30407152160017
-1.18169005111566
0.872771530144762
-0.978891747867293
0.154560712716145
0.307335466524857
-0.0896520212909536
0.188670186644464
0.316071840311954
0.562499345488566
-0.448202308719568
0.0618870729335917
0.162193374753979
0.451235701793746
-0.344598793506154
0.384727416266101
-0.106644174827792
1.23022183368118
1.04282096584043
-0.0230154241573886
0.379510371703006
-0.0710026208185406
-1.11683431525979
-0.179981817632136
-0.12079913320355
-0.814917054751903
0.0342334939494755
0.0474340334165637
-0.370208355069708
1.10990188003825
0.217186743474457
-0.588271472192965
-0.238962731802538
1.28553844612304
0.257739484570174
-0.211484287087886
-0.16416952895626
0.403769100780665
-0.0645958845500255
1.30314227664263
0.160913281813474
0.71782086737346
0.243753795577239
0.931684658157045
0.666693726386977
0.39221262230123
-0.414364032897803
-0.542842314101432
0.607940216103737
0.315244689891087
0.284299307986137
0.0408575362333564
-0.0166112602625617
-0.573604875955216
0.0349999744145937
0.7193478012083
0.437712716094256
-0.495520158889132
0.283188910414379
0.512388911362232
-1.46483895691765
0.0118316017165069
0.147698360017273
-0.310154812674911
0.256971088907159
0.57949329006977
-0.0123349082723298
0.0350200394888909
0.135489389165709
-0.81922252491146
0.36101056556953
0.327010012756375
-1.37565921333981
-0.710079169720656
-0.557158015285667
0.579293535465503
-0.0620672062900421
-0.398713468250143
0.356836850834663
-0.388833492604329
-0.453630248126037
0.121241755036999
-0.938514843276276
0.440416333114872
0.333343093303173
0.570108457506605
-0.0672775780668794
-0.117266931338432
0.880415329171898
1.32528008370552
-0.691852273892812
0.0820479187809508
-0.110960242122239
1.06795455783706
0.278097275087186
-0.508790076576134
0.7746421450443
-0.854520544963364
-0.769570916608876
1.27250894725716
0.119814234403708
0.235843880483081
0.492525815293127
-0.50114577415903
-0.210719303881395
0.300876332045986
-0.479320590397486
-0.0517922659243402
-0.140450954995319
0.436245508151816
-0.968826711830179
-0.0968676559648968
-1.13585103707549
-0.794724210379389
-0.136660511200805
-1.33395348240341
-1.37021583734146
0.659213748239077
-0.26921118469599
-2.55438023043813
-0.363734566479355
-0.80926634244164
-0.935576150139386
0.808547190117326
-1.43574899566988
0.234939273469659
0.0211763696103595
-0.676613870280782
-1.70598736473319
1.26916035428756
0.835502446731624
-0.744550745911615
-1.58922381687473
-0.44046260535615
0.369872311652976
-0.865672506403195
-0.62042861357235
-0.275612551905254
0.0444198984393558
0.904258101098739
-1.03638696767798
-1.54169926898888
-0.289771269659791
0.700953839262279
0.359724147588436
-0.525650841859989
-1.37260041865025
-1.58688387203367
0.836701660789878
1.27327827677148
0.608537686244237
-0.115192599803035
1.30084029939571
-1.38316177773694
-1.23811573357843
0.622248460697688
-1.38582563330578
-1.16722465102425
0.332952385236305
-0.293892162476046
1.03249326827968
1.04895538494614
0.699268973933852
0.452658378123765
-0.312515534674929
-0.791803185139224
0.228408250122762
-0.955858284801666
-0.598088571206954
-0.251650355605102
-0.12652880919517
-0.603669437263908
0.477703318369815
-0.398289342554395
-0.626869804270091
-0.577480562258161
-0.63090724867837
1.04234105665195
0.512773090691552
0.0238592927165066
0.00358861848341222
0.250335868544149
0.0146173388521381
-0.413789743384998
-1.67322958980106
0.282297211156831
-0.234601095172695
7.60414989524297E-5
-0.182792911675554
-0.230377243095778
-0.264521131156017
-0.0418529222702385
1.04393389469342
-0.849434967462665
-0.196894601029609
-0.932121999307168
-0.5846851607134
-0.14225579590328
-0.240116608575483
-0.261212371641088
-0.0724725291987521
-0.247989267218067
0.884519536454679
-0.341650471860559
-0.6154360188674
0.834593801168553
0.363356166729548
0.302591979788423
0.2880776088859
-1.1879357528138
0.0668363250663215
-0.0868986149343114
0.288511153053871
0.253568219150446
-0.0488028892499943
0.633713856387095
-0.494256901949357
0.120288329837557
-0.453344283063643
0.491668381403849
-0.681970876903319
-1.2225248214036
1.36502651961205
-0.78383597716168
0.612802019644764
0.0879503461832948
0.0775654883441874
0.276300750237053
0.582378843206531
-0.476696537277146
-1.18862193737332
0.573396502252154
0.524770247619877
-0.835179504294486
-1.03891479264934
0.0289074211986668
0.281930422002782
0.327686682806919
1.31852243564829
-1.04297960294753
-0.822972995112713
0.561783078786359
-0.747492022224297
-0.950854442724198
-0.691754751849035
-1.02219308530325
0.415135094708706
-0.876688587682998
-0.411387271737887
-0.0726353183615989
-0.309944180009467
0.446471355745122
-0.325378888548368
-0.317790827367931
-0.370011039612194
-0.556097512211298
0.633869066787205
0.815192578029219
-1.20464968240982
0.855342759792922
-0.0646819838324057
0.0795659628124275
-0.913498989757332
-2.63145222831958
0.755545947279889
-1.08034491221888
-1.0201589385505
-0.0630805831368525
-0.81376261466603
-2.11603275884098
0.841240574814174
-0.891828057921954
-1.48826656730184
1.57457739842823
-0.969584871832168
-0.213926481106013
0.552163117288351
-1.15498189175944
-0.831413429911511
0.944708509398884
0.455709731881464
-0.983268834041847
-1.58258803805854
-1.00517090997665
-0.496510107927978
-1.79851919715012
0.354483630334667
-1.42499614389804
-0.498126513796925
0.472065175266616
-0.120523574371141
-0.0759395602816755
0.368407512318564
0.397144720290158
-0.560717312317482
0.241707305409108
-0.843031101243435
-0.417850337448604
0.683945057693455
1.33708461570139
1.71047725946219
0.112515436310693
1.53036477953566
-0.183057345921407
-0.87636516271177
-0.208667534960572
-2.33047224420533
-2.41011011225681
0.042707844518912
-0.515903344325711
0.28748495094845
0.602804644965571
1.01700357873811
0.428572954810548
-0.820444562201228
0.879249813644194
-0.509037809534674
0.0597255265854931
-0.441307485185813
-0.137750390281656
-0.702405526347027
-0.680568488293437
1.12526270607926
-0.774648403722048
-0.103793864864135
-1.02720200251884
0.0142552784598224
1.1428846111374
1.17550843942429
-1.93873776646829
-0.0223327616003147
0.18740055319263
0.999484297347318
-0.442432942092922
-1.36906142840928
0.109461033771548
-0.292897198397026
-0.422876417881078
0.255859612424005
-0.552919198310357
-0.659496627392309
-0.10293871433539
-0.601992227102126
-0.922267792104706
-0.849493592103072
-0.819664770970134
0.225415901093051
0.623374820698919
0.0203657676470333
-0.862541016469241
-0.887753766343931
0.128999965870715
0.15953356797434
-0.0983411676248023
1.01865121328933
-1.54246855896772
-0.494004544150994
1.1598393458028
-1.35478030263747
-0.314012863453861
2.82844218407213
0.752615511104877
-0.404690512337819
-0.176650463858108
0.145897429087152
-1.21991292271212
0.292156075615551
-0.57947699191723
-0.635330933828351
0.577589389341322
1.13936140150315
-0.878031174876603
0.448545912835945
0.378815438019542
-0.120332496835971
-0.990100791581264
-0.0394903732320799
-0.482077164349697
0.661412980930371
-0.950993685755518
-0.749570815595024
-0.552200181224065
-0.356666902216213
0.0390095607973286
0.604802893983037
-0.191012335088801
-0.138596627518987
-0.456387731102175
-0.112031487041853
0.690820790934921
0.862922084532703
1.17951597558757
0.471240973583486
0.987400889804218
-0.595656896530952
-1.67648072613716
-0.700314767640387
-0.0813208403312516
-0.0161967215174302
0.178264277592391
-0.673560132331521
-0.579204335864887
-0.697801496589629
0.321248465864993
1.11374913487814
-0.285073242896922
0.326450989903683
0.515338689599531
-2.55274324870505
0.245084286537404
3.54743503901997
0.3779987514249
-1.23851559731884
0.0529506594248129
0.0919752998981768
-0.893903137008899
-0.0705609733314503
0.168880933085458
-1.28174750558649
-0.76431690636129
0.999109186274856
0.602250637894688
0.533865834239043
0.634374219040101
0.0144163270392223
0.485483771560849
0.21884602968615
-0.0272297787192511
0.935926622636194
0.0211643004185315
-0.149446453096835
-0.467773037243643
0.916711002537149
-0.10633080394384
-0.234002281576018
0.0857761556326266
1.13057818944878
-0.0139529136730128
-1.614646585743
-0.416182012521031
0.0371733176414448
0.588800370547585
-0.379293045915935
0.0391207564945878
0.257953191248127
-0.955951437466294
-1.43744190685317
-0.708635535820255
0.111452168889642
0.822603277538689
0.0168720242861528
0.120226629433568
1.27832450326918
-0.227960524226232
0.448007612431613
-0.704408708222984
-0.729324733536616
0.351230645658136
1.65348178004313
-0.0367056517985162
-1.75560252537817
-0.330310647961644
-0.107208684821609
0.892038421777516
0.498459996425622
1.0543161087208
0.885393811785778
-0.992221620810612
1.44075125225312
-0.44521151985971
-1.41388026139365
-0.210297533741474
0.554972052813592
-0.0907272476331225
-0.458630008758426
0.182212918224031
-0.509775616782449
0.414978143050119
0.32919312593763
-0.611198555965084
-0.12840730917136
0.00265005695729013
-0.648863100894336
0.252000027627161
0.397470493022255
0.27956966535042
-0.932011833403331
-0.789758271459427
1.15508986617051
-0.0352070974162619
0.139560734938573
-0.124542629961494
-0.155771152911003
-0.660889274273473
-0.267229656862301
0.224041048705266
0.512687512790302
0.334181071976794
-0.0118735523535955
0.455094000446372
-0.105643778824289
-0.897966261954654
-0.923597946127479
0.0955797409832685
-0.348659165985456
0.0562052975940881
1.11932514418782
-0.0123604913592839
1.41296919219003
0.482682648062145
-2.88471744986728
-0.145679814728762
-0.380857833217851
-0.9403917392344
0.135647196800044
0.873187374555864
-0.146495179418185
-0.0625087156555512
0.626941192996753
-0.883139166107023
0.591325071553083
-0.751151980656105
0.0814564165681638
0.419533670078976
0.238901574313015
0.814865595455247
0.67244470288084
0.545442593174414
0.692703465489017
0.361808498798214
0.107120989840255
-0.439562692272541
-0.366658865184379
0.436205293509407
0.956021009582618
-0.752890538639373
-1.44204478765081
-0.313509485921008
0.317037609970477
0.357228172580403
0.445889843160224
-1.17068176260241
-0.199883030249788
-0.197369419224891
0.117121580347691
0.406940879723011
-0.929989592150513
0.884812360521464
0.773734518999632
0.352171907085523
1.05041310704401
-0.610556662497094
-0.228288924452879
-0.205365970044261
-0.455012757610699
0.83873067959971
-0.382902068710151
0.53357116943221
0.440932590283289
1.41115638784727
-3.56693807028841
-0.654645331683906
-0.918593558054761
-1.05732387823694
-0.258420716702004
-0.560284409068887
-0.784510086244621
0.878947570645402
0.923701468891798
-1.94362917690884
1.03679382447944
0.286691090192325
-1.9597179782811
0.484507911292454
0.339282847147732
0.704207606870456
0.232471334796866
-0.966094102768009
-0.65275211073963
0.858667161806023
0.328830754533057
-1.22309817031294
-1.37850624911672
0.114612642748329
1.94138008614387
-0.798341346291665
-0.744076232381799
-0.899494833513397
0.220863104450147
0.189090679084402
0.93089311561506
-0.824028009359833
1.58375282740498
0.733799745671132
0.373904722483648
0.407091141442125
0.0652255570282415
0.11666741676022
-0.170709795422321
1.45541336833286
1.26854951477745
0.67617007817976
0.514844285443379
-0.520704031959441
-1.11762845237359
1.12754383338171
-1.28157714966159
-1.77024019426572
-1.55751937771509
1.35665564865259
0.992213215960379
1.01021875580691
-0.984509972009129
-0.551065176237018
-0.564434804716788
-1.5833276814542
-0.679956140419229
0.0713652918682104
-1.48559668593675
-1.01467280333657
0.540385911925677
0.392676102214769
-0.91628244557675
-0.00561398268724771
0.211651427192311
0.981757977789664
0.106353083379718
-0.235986947944871
0.843305566863396
-0.460956365568872
0.3709086662191
0.225828864563904
-0.211405643477591
-0.114414870582848
-0.529496065461477
-0.859022326408468
0.717539157438644
1.52628096400348
-0.672083822625293
0.71095176741369
0.775704574665569
-0.115963275586019
1.04123732042913
0.442703895209557
-1.01819017086329
-0.562634246751342
-0.500887802754795
0.373664849977036
-0.0782367172605501
-0.160720296088773
0.274112343526779
-0.116022761952994
1.12419194296579
-0.827068320878419
0.244617892797933
0.0675322285669008
-1.6552184608881
-1.01323767433898
-1.05301682346253
1.468601555552
0.687040146251351
0.33143245069274
-0.107312597504386
-1.04512438216135
0.0838665904304766
-1.01704070543557
0.343531028783202
0.96868164554748
-0.652963247778575
1.28730913578918
1.40695642404641
1.0239398920061
-0.908341359539963
0.810793181781478
-0.549573533111293
0.426958131160683
-0.111643159720569
-0.867221114468708
-0.952287976073976
1.16199239027447
0.799457561735083
-0.547496921154774
-1.63678744306852
0.441851069884314
1.19422737551303
-0.173933858838317
1.0430532723455
0.243567960357775
-0.577199544542118
1.75022786753218
0.966332270630716
-0.606633318909496
0.692476848862675
0.975997148113091
-0.200531278088865
1.64766519855919
0.0553892989744542
0.126150814794061
-0.285362526338582
0.0943106376174179
1.22191651863901
0.72788863067303
-0.441343569124227
-0.173073756158853
-1.36897243583304
0.949540284847739
-0.341275736295093
-2.51640137771286
-1.53017227982307
-0.655518406006614
2.7602234835562
0.421678352681332
0.686398595074241
0.0536229358340575
-0.457103032857507
-1.18108058170526
-0.505849216338078
-0.753560321093347
-1.40250095912146
0.181315541135845
0.389730196208569
0.0317153306988541
0.131675042308685
0.290328869902461
-0.0582502558804545
0.313229831080766
-0.21169186664295
-0.291671131332836
-0.883928273695067
0.6927297121741
-0.626162698880338
0.345666345430219
-0.683166601757984
-0.384983694730126
-0.153683348324196
-0.539081136134936
1.03407230425508
1.26326355001781
-1.34478747836098
0.54708392024997
-1.08565417467378
0.455559608973225
0.222377304476406
-0.234772572183057
-0.605693849524581
-0.334449567876066
-0.961580921322518
-0.356365516813997
-0.568109290046393
-0.286133268462952
0.403973219977346
0.654377922392118
0.559507276462681
0.141563894322377
1.23939725683276
0.160742976218119
-0.553817439180912
-0.382216813749698
1.08009971734297
-0.123941968747631
0.568137776748621
-0.573706280742162
0.113590702862032
0.033944513806211
-0.173193290550574
1.08143739708512
0.00245286826286353
0.0671229363016244
0.542924067785579
0.936226063710117
-0.685706140982787
-1.33605569786725
-0.342252837828639
0.406524260668963
-0.528947644377624
-0.06550830319907
-0.19903399344101
0.580278199852171
0.0257086771340912
-0.849512715325546
0.474105508844122
-0.0837739158179303
-0.0129955625755044
0.446664440875991
-0.0878606327643277
0.490509538658784
-1.0631241944351
-1.04617845097988
-0.0701718441082538
0.734058156095014
0.24097184162639
-0.0358551891690557
-0.176476643524153
-0.669421808329276
-0.203125367513868
0.0914764886933325
-0.0578066189992713
-0.453094113564824
0.0752377870932326
-0.620562652071994
-1.03493214135084
-0.355917535186276
0.0919367553178665
0.0817587428538371
0.191193912677907
0.148698616322123
0.853225079434556
-1.24559205429741
-1.84631272926626
-0.90234201442421
2.71965218954161
-0.316695742331835
0.0472131851617531
1.08486132061435
-0.0219465035563651
-0.533218837365724
-0.208683559221749
0.761679230561575
-0.458170785396519
0.66633371264933
-0.312817832874946
-0.81459685365072
0.0307000793891642
0.679440364166668
-0.0982947492745516
-0.978197822855483
0.121567700787833
-0.644923203005453
0.220201228544922
-0.463484165085733
-0.353109077622515
0.0870459721538139
-0.36414125428143
0.171750080277016
-0.278165207242515
0.305935338342602
0.827442821049556
-0.387449699951138
-1.28582279344803
-0.0432964923303139
0.231044112798515
1.08491824868936
-0.162582973817953
-0.554188712220674
0.102429434657617
-1.01563868393409
-0.770079189710386
0.876843114630281
0.581443922164082
0.179963591744491
-0.477379297970786
1.00958847882681
0.817631313725391
-0.867062582239477
1.30867563157999
0.0406448486632427
-0.239380460117344
0.352685315317496
-1.28247232408813
-0.632044483340488
2.85732078698849
-1.2166081974488
0.902966968110097
1.14759899683168
0.566739789066916
-0.180363022227232
0.401143004954086
-1.00645654455623
-0.149996925039632
0.582298327121881
-0.0944121207378867
0.124252712063372
0.425540209299381
0.361778490129454
-0.366490845844572
-0.571003241012738
0.179729943801719
-0.343590175045899
-0.80556097138931
-0.518098432740767
-0.361213803281501
0.60401591832122
0.879676226041829
-0.0211859192326568
-1.93518713922124
-0.131482731874048
0.21398576311268
-0.362631295453408
0.0477889272265703
0.134258147132567
-0.132692765408321
1.31005130575775
0.682854053322705
0.100265075157437
0.192480545372741
-0.673187386469302
-0.0242992624800188
-0.159679806581697
-0.413568670247761
-0.627883017020319
-0.41909793610114
-0.167872906998415
-0.576923852702398
0.278696048486555
0.129436197389526
-0.455734710886247
0.363132290932288
-0.48131331765399
-0.633890258693661
-0.37464882328896
0.55579868027506
-0.43627742072359
-0.0436661696846652
-0.0549187277045648
-0.207737832463368
-1.3676875963129
0.491264113125995
-0.299977046782385
0.117260940081599
1.16763852957229
-0.252819618207046
-0.0798750390276108
0.378681848343933
-0.115246996510509
-0.00174644403076705
0.0874132836142231
0.168067699764678
0.306478390869757
-0.285545576005684
1.19281990001112
0.0417913048850314
0.169117520827491
-0.237910024328769
-0.331361109897483
-0.0640890061492517
-0.363653447315782
0.939066344270946
1.00356467935897
-0.176402666948803
0.596564121947821
0.121467123886488
-0.563147577463024
0.540108888045671
-0.372347560022862
0.10285099630359
0.133625214215466
-0.694656692633711
0.296078031527265
0.0129430896840182
-0.204209526739173
-0.605487474176688
0.0416574736723985
0.110573753857913
-0.186331087852935
-0.0942730789256219
-0.453286904946254
-0.904138803894822
-1.1712141177693
-1.51667912389368
0.134763395553823
1.51831717497561
0.502678259177211
-1.39129809179662
-0.1129021870143
0.0156370410238387
-0.604196160353269
0.420130591011155
0.684489255054081
-0.286934929516591
-0.547617103843478
1.1900476091643
0.294983085446996
-1.34096061028113
1.38474727620523
-1.16436694610612
1.5262157078149
1.22535453023058
-0.405645092875271
0.046144358517942
1.09107032902071
0.760996085287672
-0.114122759004793
-0.281072055073759
1.41232538733816
0.114808811487892
-0.716160557109052
1.20064480941373
0.849832786857522
-0.0908977030981883
0.513741568530392
0.773820814995383
-0.235908971865613
-0.524867811619082
0.454839524538591
-0.058646844781947
0.0717925642357161
-0.0317477452732229
0.124542718058881
-0.465012781140421
0.482481807875068
1.05529216082151
-1.04351511872304
1.084473166003
-0.445289649504643
-0.259204181567676
0.964444323334721
-1.11608306032958
-1.29614003671245
2.16792985205694
-0.159019817445874
-2.48235579087399
0.346270803237395
0.251236223474466
-0.00601621522505363
0.618832662546419
1.61329445395925
-0.96905754088692
0.0904366423702627
1.02130087450755
-0.095208782593867
-0.558280142171686
-0.681256778353006
0.770917863032048
0.195768927212125
-0.457301153103252
-0.176670522718802
0.732178992561847
0.263153999948563
1.74002990083109
-0.363384612670342
-0.23466559556834
0.558755847494678
-0.806773614745297
0.253175902012229
-0.192797981538394
0.26927305856813
-1.01316213797651
-0.432015230324994
0.936956774261812
-0.13920420796513
-0.378535060360532
-0.126931992347506
0.110545996078999
-0.51841376409016
0.505437114194955
-0.657870285453162
0.348864333585773
-0.621497825767591
0.619471388729144
0.0826743326665608
-0.99336983656058
-0.502277423088942
-0.362562442232243
0.680222483471013
-0.131806633884932
0.493309331050158
0.870143279493726
1.10254822374685
1.03135907165611
-0.0412994593948316
-2.39299410425719
0.537440252074802
0.282657330865124
0.139915853300765
0.801352070189464
1.18824851334707
0.667100655509239
1.04217673730608
0.927379115180007
0.497377862929204
-0.832794198622345
-1.86045503195704
0.218136400311563
-1.12944201869197
0.472703939863877
0.74294951832875
0.664629645034464
-0.465405505960746
-0.128971822962381
0.210772158557739
0.334296093297222
-0.0053267013201383
-0.40678142254281
0.665542223999794
1.29817507236006
0.413022366756592
-0.858586080480467
0.387736689342831
0.490547658406534
-0.71517277877109
0.419954411027379
-0.23749264542017
0.569072466916371
0.143005515723074
1.41758423904106
0.561584834991422
0.177928465014429
0.401796547177609
0.315822975120705
1.22915550514053
0.407994437357594
0.617491426225021
-0.815916082423246
-0.705643733347827
-0.626870915279007
2.01875015989648
0.671460658313682
-0.000147662788521231
3.22698169650334
-1.21366750122632
-3.72295882905252
-0.28320544747342
-0.390966480424467
0.770351022142632
-0.00657163371349922
1.85511140834308
0.200129536915812
0.503995796989307
1.52919944113848
0.0968196249382637
-0.508201093067518
-0.618734935261856
0.0481210930604886
-1.14525029478417
-0.675639369002939
-0.509686945839997
-0.624743986747655
0.317369017517659
0.220444252039757
-0.493342065968461
-0.61355417946439
0.203720948521139
0.0046100942186587
0.771956715269879
0.165677402547715
0.934645371181456
-0.341321818358987
-0.230530304065647
1.94037042357037
0.318652305018703
-0.73311038142507
0.470934709155831
-0.15991136916154
0.310615956108208
-0.101767889153641
1.06004274463261
1.10242320608829
0.248489543311256
0.86353392898685
-0.020193401086186
-0.404324077807954
-0.627653122424274
-0.525994696268147
-0.462847433980795
-0.200669438268259
-0.488125894260191
0.025733129292736
0.928237805832838
-0.183151065752927
0.192745741158863
0.896464990853198
0.113322001359803
0.409586999975118
0.162057921516625
-0.602518382499485
0.473372934562647
0.22540206108654
-0.245326785089668
-1.01118061091277
0.673073924490909
-0.576042895056219
-0.542603894582614
0.824361679752897
1.25471774569533
0.383892642538163
-0.0141002728190897
-0.136378718280229
-0.0383906007006433
0.487821861385191
-0.877572733829021
-0.218374282763519
0.147201481514907
0.234963843799118
-0.0256933779902366
-0.279055411868142
-0.453709600200173
-0.174891183252298
-0.337987569155946
-0.102965416768105
-0.697613269330716
0.334897047588245
-0.265010862318074
0.355713738135543
-0.145646614173768
-0.682097675686354
-0.54697598078184
0.399859174393298
0.162103147349049
0.104907240674118
-0.716723635715507
-0.745578804453938
0.872990240542292
0.536870185961967
0.662789917568892
-0.615822964927699
-0.551279742576323
0.570325247049139
1.12108182184574
-1.50719784684396
0.662879849460661
3.71307055814461
0.719312423016213
0.261005754564374
-0.479035064118902
-0.740507696410006
-0.599966530933053
-0.649970992329477
-1.74565430813467
-1.8815926103745
-1.44104634384842
-0.868534347655274
-0.536346119823958
-0.0894795107646238
-0.908402674381284
0.0774196741439217
-0.600220483026493
-0.0437780973527922
0.708458597991495
1.50608542173719
-1.77700714716749
-0.463755233129487
1.06123153757254
0.243551500353578
-1.98709582126473
-2.58535141112142
0.089963919916526
-0.639109534842422
0.322370881613116
0.255818090922829
-1.21719264990454
-1.19518156996541
-0.101223039182711
-0.202910435574816
-0.209999597396786
-1.38108552243933
-1.43326621647137
-0.481295453630505
0.210721459275705
0.169682330658844
-1.54693296502469
-0.281070445270766
-1.37978960163278
1.36579795319952
-0.860403706814006
0.603229543012611
-1.52158049416743
0.752318027301668
0.75891107979788
1.06046282864529
-0.46959349533608
-0.3192136219176
0.042813066630823
0.661490293529912
0.735555539507508
0.0874661618826447
1.57708530741523
0.194787697069886
0.176450312218186
0.666182288612065
-0.160361900933268
-0.813209018930597
-0.441676879089926
1.25916843414899
-0.531076131763401
-0.227596055975242
0.519860699625696
0.469386044708484
-0.655610280406832
0.430971242134548
0.594221845584804
-0.107137360279014
0.0691716340090807
-0.0507510221290605
0.327661616907739
-0.494851531783129
0.659895383007531
-0.960488779819747
-0.303554774868218
0.548975010120397
-0.94060200439089
-0.348030744943062
1.16924737920199
0.167008848765952
-0.358844320907221
-0.0150183272836408
-0.221533699470177
0.0687039269968718
-0.497186141496545
-0.869651120890456
0.752141622796371
-0.541085871422939
1.18456413925043
1.03279332871071
-0.319638883587309
0.732305274893455
1.03958916170814
0.0832825622221956
0.683308278792163
-4.02252585751033
0.0100674756891244
3.33722186300957
1.58539971326556
-0.0198402791902178
0.1299994589612
-1.03245601311852
-1.38628691784167
-0.147533135724085
-0.173478486772073
-2.16391057543782
0.139444295985479
2.63197829044707
1.37100317598517
-0.424857200051542
0.507971095406309
0.140355039387345
0.0475811825437803
0.798311067277425
0.194468985879701
-0.19811972629792
0.6752753775761
0.458054105652049
0.478397462757315
0.170980560760333
-0.983880382233833
0.0604161443228925
0.333451135422787
0.313413547306869
-0.0101458360884066
-1.16392966342563
1.17922492363042
-0.0680322736395957
1.43265835313816
1.11429575083749
0.597644350007297
-0.664494791271116
-1.35045109637567
-1.15185112341122
-0.855829456831619
-0.399272792341437
0.0672851263052827
-0.0358823268883456
0.752774803186111
0.525817523698398
-0.775780142142005
0.327222088227104
0.157004969674383
-0.700664818341989
-1.53166052323572
-1.07906578366642
-0.0121606467146834
0.476483945825191
0.00875858535932728
0.323329172534548
-0.0992742861675821
0.546776245383067
-1.65437176832187
-0.998783792361805
-1.30810455883118
-1.60274615561987
0.285153172078295
0.0693485962077653
0.636751205850683
0.932035580957723
-0.0226774763419431
0.113244784237377
-0.846364388378254
0.101735113467943
0.685257347574143
0.397696054826706
0.249061164865656
-0.802516321756823
-0.260809963109555
0.865637361070757
0.523891799771116
-1.47284060465962
0.320209733369751
0.716851778154853
0.118082382848282
-0.0573603280476008
-0.914064210062259
-0.427273261073293
0.826016331748963
-1.39672540274434
-0.405912403840286
-1.11250280983169
-1.55096229683457
-0.260767754182691
0.861123198784176
-0.771323235851289
-1.82878950577775
-1.66044684372474
-0.824125462441249
0.796249983587308
-1.08283746186791
-0.0857307367650388
-0.739775365724884
-0.316882470750377
-0.0517131485240631
-0.206368882202429
-0.0844955055808754
-0.24666288239387
-1.03087264003565
-1.09091590632084
0.74908341728193
-0.597181615119142
-0.175402252476192
0.414914088678269
0.526441238575131
-0.325663446980608
0.950888069543758
-0.443199276315611
0.106364254952284
-0.856156129299644
-0.517504916028652
0.00237385185753124
0.571728737518624
-0.536685171707335
-0.210936897103944
-1.06413446779948
-0.367573653962897
0.209380834137124
0.0779608718915929
-1.01677875930806
0.480308837006419
0.286969118398859
-0.724700037895847
-0.0112663608982068
0.945522989785143
1.52045439896495
-0.85766847380555
-1.03974367759312
-1.37085485696013
0.300893521284928
-0.0878190533556623
1.43339872370785
0.888779744767879
0.80187522122425
1.3497485189445
-0.907081628145982
1.01179743186138
-0.730813007546482
-0.267637503743509
-0.37779041723598
0.385995424741178
0.407401726356506
0.305338957576929
0.56590134617257
-0.132470475874593
-3.17445345534697
0.751567109436896
1.0379513233494
-3.68854016499039
-1.30082224331498
-0.112635050148234
-2.6606493040994
-1.19842025370598
-0.878721834834558
0.947848581514307
-5.44150593737251
-0.24392798833002
-2.97204501051456
0.177834999052776
-3.13287364701921
-8.90572105456169
2.97831632006086
1.5909097620441
-0.978981549855706
-1.56001858873564
0.536014036270449
-1.17173381838843
0.450991110827551
-2.1777554940182
-4.44521226859218
-0.494473943301099
-1.14314761644604
-4.53976883979528
-2.97872084526429
1.99902611137197
2.56422229093797
-1.99330183864989
-2.84246072587648
-6.08978351706474
-0.86497639971971
3.78017342030805
2.13855781171977
-0.0857913346514682
2.38198716004932
2.55627710292402
0.983225395397493
2.2965389691017
-2.35324761005252
0.0754053494653379
-3.84502983860309
0.493602696335009
-4.82308366656055
-1.14768493630519
4.04796559159284
-2.96611015914688
1.94335674987187
-0.287204316194347
-1.03406981110069
2.02689789317848
-0.257235454219264
-1.21269649239246
0.0505241866767994
-1.59372248595008
-0.990956931465404
-0.65976945656866
-1.94996012296173
0.161243439894411
-3.47763351702781
-1.26842834057236
-1.50102614216237
3.29218751704112
-0.205869371041384
1.31443072459256
-0.250332644226724
-0.146936415075297
0.469461378896413
0.8613466126849
-0.442693108220623
-1.75689037699585
-2.15338783385055
0.256211774467009
2.6958070662108
-1.26534320198416
1.19759313246627
-1.41647230523613
-1.98414817232704
2.63357663144148
-1.25434465208155
-3.39291993228244
-3.93309500720149
-4.61381006347756
-2.32322505349003
0.631174558186992
0.0254412757043826
0.473790651267266
-0.636946114603478
-4.06151296026998
1.99118114192455
1.61360092972077
1.49058206917185
0.240272836043743
-1.41399121498146
0.0877857062526977
-4.90818255154507
-1.34249350053279
-1.93966361295262
-1.66847922901193
-0.0542188483126878
2.38421100896402
0.224505527418046
-1.98988968904812
0.84910713723131
-1.63163322105826
-1.65188914941741
-0.646979787915482
-2.47025360376635
-2.39718254882202
1.09613869583283
1.91018270294047
3.50458451884315
-2.96452809697908
-0.125018898111547
-0.205199170329998
-0.800778113764409
3.05846335055571
1.25604742019433
-3.72231213337987
0.0638789356196834
0.478681538389506
0.521973197143292
-2.46850526151997
-2.11691762725206
-1.98792737170819
-2.13743262968662
-3.06558989910356
-4.17609045850877
1.4690566076012
2.31049658119701
0.543947102170485
-2.93034592156969
1.35824907997313
-2.85902214421004
-0.286004890475561
-2.96800403686707
-2.88395382306568
-1.18748747625152
0.106884712569834
1.54480914983581
0.138640810700732
3.03927164092794
-1.39401277908347
-0.827664704566433
-0.264891876457767
-3.31326894158495
-0.638555742260526
-1.01896670088603
-2.36609495909302
-0.189988257321017
-2.61647854777571
0.939228395737992
-0.567516516093044
-0.583389027172326
2.73389026773352
0.238681452305195
-0.487746415991349
5.07598311911943
-1.30045834450047
1.92898292510024
0.846047627676989
0.317948819276196
-2.68766708472196
-4.41188647176746
-2.65185718017246
-1.4676309904874
-1.6174753022579
-0.0701549616013709
-1.10250421934852
-0.0609454973912833
-0.297344905816887
2.56147517250558
-0.618548152797116
-2.71573798377739
4.54569458002388
-2.15217924270723
-0.559369181242331
1.06484922399066
-1.38366342317564
-0.467732304679221
3.64412369847711
2.31357868611469
1.42175472492147
0.196799690841603
-1.37765453450379
0.00647861228388039
-1.60043267284206
0.534347787485433
0.188831994165231
-2.91504268010265
-1.13485581305894
-2.86907357649348
-2.12484769838815
-0.979554049099859
-2.76777510072462
1.01649174047878
-0.718434366445476
2.04208544734374
-0.477802125526775
-2.40871209147515
-2.40827170074553
-0.34563129116353
1.70751233030968
-1.73058929009966
-0.3262947469248
0.202168800691197
-0.0818459298882123
-0.687351791883676
1.60514153343474
-1.19991682171094
-2.79772221136234
-1.10758568906583
3.34380569529846
-1.54985553631897
-0.106987803920203
-1.94092717650334
-1.59331228102111
-3.4843855671767
0.730419890686223
-2.47554431934735
-0.93611786072798
-1.55810035350828
1.41732565335064
0.765599606642942
-0.349036408969212
1.52507351898688
1.25109643132184
1.37098561457519
-0.866390986222299
0.632256781560851
-1.5751205885822
0.479505684149392
-1.42932748183771
2.00197218221275
-0.148572638565862
0.970137027687528
1.34824071798871
-0.51542741725479
-0.333386386778557
-2.05182813992199
-5.15268058270231
-3.03173133422651
0.323325728313196
5.51947454732367
-1.25851186428643
1.95909963676346
2.90665147974018
-0.536973390574074
-0.908656682729887
-0.488605808262772
-1.78124197980025
-0.585144463858127
